 x, y, z, pressure, velmag, vx, vy, vz
  0.0000,   0.0000,   0.0000,   1.0687,  0.00000,  0.00000,  0.00000,  0.00000
  0.0000,   0.0323,   0.0000,   1.0583,  1.00000,  1.00000,  0.00000,  0.00000
  0.0000,   0.0645,   0.0000,   1.0374,  1.00000,  1.00000,  0.00000,  0.00000
  0.0000,   0.0968,   0.0000,   1.0176,  1.00000,  1.00000,  0.00000,  0.00000
  0.0000,   0.1290,   0.0000,   1.0002,  1.00000,  1.00000,  0.00000,  0.00000
  0.0000,   0.1613,   0.0000,   0.9852,  1.00000,  1.00000,  0.00000,  0.00000
  0.0000,   0.1935,   0.0000,   0.9724,  1.00000,  1.00000,  0.00000,  0.00000
  0.0000,   0.2258,   0.0000,   0.9615,  1.00000,  1.00000,  0.00000,  0.00000
  0.0000,   0.2581,   0.0000,   0.9522,  1.00000,  1.00000,  0.00000,  0.00000
  0.0000,   0.2903,   0.0000,   0.9443,  1.00000,  1.00000,  0.00000,  0.00000
  0.0000,   0.3226,   0.0000,   0.9377,  1.00000,  1.00000,  0.00000,  0.00000
  0.0000,   0.3548,   0.0000,   0.9324,  1.00000,  1.00000,  0.00000,  0.00000
  0.0000,   0.3871,   0.0000,   0.9282,  1.00000,  1.00000,  0.00000,  0.00000
  0.0000,   0.4194,   0.0000,   0.9251,  1.00000,  1.00000,  0.00000,  0.00000
  0.0000,   0.4516,   0.0000,   0.9230,  1.00000,  1.00000,  0.00000,  0.00000
  0.0000,   0.4839,   0.0000,   0.9221,  1.00000,  1.00000,  0.00000,  0.00000
  0.0000,   0.5161,   0.0000,   0.9221,  1.00000,  1.00000,  0.00000,  0.00000
  0.0000,   0.5484,   0.0000,   0.9230,  1.00000,  1.00000,  0.00000,  0.00000
  0.0000,   0.5806,   0.0000,   0.9251,  1.00000,  1.00000,  0.00000,  0.00000
  0.0000,   0.6129,   0.0000,   0.9282,  1.00000,  1.00000,  0.00000,  0.00000
  0.0000,   0.6452,   0.0000,   0.9324,  1.00000,  1.00000,  0.00000,  0.00000
  0.0000,   0.6774,   0.0000,   0.9377,  1.00000,  1.00000,  0.00000,  0.00000
  0.0000,   0.7097,   0.0000,   0.9443,  1.00000,  1.00000,  0.00000,  0.00000
  0.0000,   0.7419,   0.0000,   0.9522,  1.00000,  1.00000,  0.00000,  0.00000
  0.0000,   0.7742,   0.0000,   0.9615,  1.00000,  1.00000,  0.00000,  0.00000
  0.0000,   0.8065,   0.0000,   0.9724,  1.00000,  1.00000,  0.00000,  0.00000
  0.0000,   0.8387,   0.0000,   0.9852,  1.00000,  1.00000,  0.00000,  0.00000
  0.0000,   0.8710,   0.0000,   1.0002,  1.00000,  1.00000,  0.00000,  0.00000
  0.0000,   0.9032,   0.0000,   1.0176,  1.00000,  1.00000,  0.00000,  0.00000
  0.0000,   0.9355,   0.0000,   1.0374,  1.00000,  1.00000,  0.00000,  0.00000
  0.0000,   0.9677,   0.0000,   1.0583,  1.00000,  1.00000,  0.00000,  0.00000
  0.0000,   1.0000,   0.0000,   1.0687,  0.00000,  0.00000,  0.00000,  0.00000
  0.3226,   0.0000,   0.0000,   0.9172,  0.00000,  0.00000,  0.00000,  0.00000
  0.3226,   0.0323,   0.0000,   0.9132,  0.47126,  0.46941,  0.04174,  0.00000
  0.3226,   0.0645,   0.0000,   0.9050,  0.74687,  0.74368,  0.06904,  0.00000
  0.3226,   0.0968,   0.0000,   0.8973,  0.91116,  0.90720,  0.08485,  0.00000
  0.3226,   0.1290,   0.0000,   0.8909,  1.00939,  1.00519,  0.09206,  0.00000
  0.3226,   0.1613,   0.0000,   0.8856,  1.06723,  1.06317,  0.09311,  0.00000
  0.3226,   0.1935,   0.0000,   0.8812,  1.09996,  1.09629,  0.08987,  0.00000
  0.3226,   0.2258,   0.0000,   0.8774,  1.11705,  1.11391,  0.08376,  0.00000
  0.3226,   0.2581,   0.0000,   0.8742,  1.12453,  1.12198,  0.07578,  0.00000
  0.3226,   0.2903,   0.0000,   0.8715,  1.12633,  1.12436,  0.06664,  0.00000
  0.3226,   0.3226,   0.0000,   0.8693,  1.12500,  1.12357,  0.05682,  0.00000
  0.3226,   0.3548,   0.0000,   0.8674,  1.12222,  1.12125,  0.04665,  0.00000
  0.3226,   0.3871,   0.0000,   0.8659,  1.11906,  1.11847,  0.03631,  0.00000
  0.3226,   0.4194,   0.0000,   0.8648,  1.11621,  1.11591,  0.02593,  0.00000
  0.3226,   0.4516,   0.0000,   0.8641,  1.11411,  1.11400,  0.01554,  0.00000
  0.3226,   0.4839,   0.0000,   0.8637,  1.11300,  1.11299,  0.00518,  0.00000
  0.3226,   0.5161,   0.0000,   0.8637,  1.11300,  1.11299, -0.00518,  0.00000
  0.3226,   0.5484,   0.0000,   0.8641,  1.11411,  1.11400, -0.01554,  0.00000
  0.3226,   0.5806,   0.0000,   0.8648,  1.11621,  1.11591, -0.02593,  0.00000
  0.3226,   0.6129,   0.0000,   0.8659,  1.11906,  1.11847, -0.03631,  0.00000
  0.3226,   0.6452,   0.0000,   0.8674,  1.12222,  1.12125, -0.04665,  0.00000
  0.3226,   0.6774,   0.0000,   0.8693,  1.12500,  1.12357, -0.05682,  0.00000
  0.3226,   0.7097,   0.0000,   0.8715,  1.12633,  1.12436, -0.06664,  0.00000
  0.3226,   0.7419,   0.0000,   0.8742,  1.12453,  1.12198, -0.07578,  0.00000
  0.3226,   0.7742,   0.0000,   0.8774,  1.11705,  1.11391, -0.08376,  0.00000
  0.3226,   0.8065,   0.0000,   0.8812,  1.09996,  1.09629, -0.08987,  0.00000
  0.3226,   0.8387,   0.0000,   0.8856,  1.06723,  1.06317, -0.09311,  0.00000
  0.3226,   0.8710,   0.0000,   0.8909,  1.00939,  1.00519, -0.09206,  0.00000
  0.3226,   0.9032,   0.0000,   0.8973,  0.91116,  0.90720, -0.08485,  0.00000
  0.3226,   0.9355,   0.0000,   0.9050,  0.74687,  0.74368, -0.06904,  0.00000
  0.3226,   0.9677,   0.0000,   0.9132,  0.47126,  0.46941, -0.04174,  0.00000
  0.3226,   1.0000,   0.0000,   0.9172,  0.00000,  0.00000,  0.00000,  0.00000
  0.6452,   0.0000,   0.0000,   0.7177,  0.00000,  0.00000,  0.00000,  0.00000
  0.6452,   0.0323,   0.0000,   0.7192,  0.30969,  0.30959,  0.00810,  0.00000
  0.6452,   0.0645,   0.0000,   0.7223,  0.56924,  0.56885,  0.02107,  0.00000
  0.6452,   0.0968,   0.0000,   0.7255,  0.77051,  0.76979,  0.03350,  0.00000
  0.6452,   0.1290,   0.0000,   0.7288,  0.91844,  0.91743,  0.04311,  0.00000
  0.6452,   0.1613,   0.0000,   0.7322,  1.02308,  1.02189,  0.04929,  0.00000
  0.6452,   0.1935,   0.0000,   0.7354,  1.09473,  1.09348,  0.05216,  0.00000
  0.6452,   0.2258,   0.0000,   0.7385,  1.14215,  1.14096,  0.05219,  0.00000
  0.6452,   0.2581,   0.0000,   0.7412,  1.17230,  1.17124,  0.04992,  0.00000
  0.6452,   0.2903,   0.0000,   0.7436,  1.19047,  1.18958,  0.04588,  0.00000
  0.6452,   0.3226,   0.0000,   0.7456,  1.20059,  1.19991,  0.04050,  0.00000
  0.6452,   0.3548,   0.0000,   0.7473,  1.20557,  1.20509,  0.03416,  0.00000
  0.6452,   0.3871,   0.0000,   0.7486,  1.20749,  1.20719,  0.02714,  0.00000
  0.6452,   0.4194,   0.0000,   0.7496,  1.20782,  1.20766,  0.01967,  0.00000
  0.6452,   0.4516,   0.0000,   0.7503,  1.20753,  1.20747,  0.01190,  0.00000
  0.6452,   0.4839,   0.0000,   0.7507,  1.20724,  1.20724,  0.00398,  0.00000
  0.6452,   0.5161,   0.0000,   0.7507,  1.20724,  1.20724, -0.00399,  0.00000
  0.6452,   0.5484,   0.0000,   0.7503,  1.20753,  1.20747, -0.01190,  0.00000
  0.6452,   0.5806,   0.0000,   0.7496,  1.20782,  1.20766, -0.01967,  0.00000
  0.6452,   0.6129,   0.0000,   0.7486,  1.20749,  1.20719, -0.02714,  0.00000
  0.6452,   0.6452,   0.0000,   0.7473,  1.20557,  1.20509, -0.03416,  0.00000
  0.6452,   0.6774,   0.0000,   0.7456,  1.20059,  1.19991, -0.04050,  0.00000
  0.6452,   0.7097,   0.0000,   0.7436,  1.19047,  1.18958, -0.04588,  0.00000
  0.6452,   0.7419,   0.0000,   0.7412,  1.17230,  1.17124, -0.04992,  0.00000
  0.6452,   0.7742,   0.0000,   0.7385,  1.14215,  1.14096, -0.05219,  0.00000
  0.6452,   0.8065,   0.0000,   0.7354,  1.09473,  1.09348, -0.05216,  0.00000
  0.6452,   0.8387,   0.0000,   0.7322,  1.02308,  1.02189, -0.04929,  0.00000
  0.6452,   0.8710,   0.0000,   0.7288,  0.91844,  0.91743, -0.04311,  0.00000
  0.6452,   0.9032,   0.0000,   0.7255,  0.77051,  0.76979, -0.03350,  0.00000
  0.6452,   0.9355,   0.0000,   0.7223,  0.56924,  0.56885, -0.02107,  0.00000
  0.6452,   0.9677,   0.0000,   0.7192,  0.30969,  0.30959, -0.00810,  0.00000
  0.6452,   1.0000,   0.0000,   0.7177,  0.00000,  0.00000,  0.00000,  0.00000
  0.9677,   0.0000,   0.0000,   0.6346,  0.00000,  0.00000,  0.00000,  0.00000
  0.9677,   0.0323,   0.0000,   0.6352,  0.25871,  0.25870,  0.00210,  0.00000
  0.9677,   0.0645,   0.0000,   0.6363,  0.48971,  0.48966,  0.00735,  0.00000
  0.9677,   0.0968,   0.0000,   0.6376,  0.68692,  0.68677,  0.01397,  0.00000
  0.9677,   0.1290,   0.0000,   0.6391,  0.84755,  0.84731,  0.02040,  0.00000
  0.9677,   0.1613,   0.0000,   0.6408,  0.97306,  0.97272,  0.02563,  0.00000
  0.9677,   0.1935,   0.0000,   0.6426,  1.06766,  1.06726,  0.02915,  0.00000
  0.9677,   0.2258,   0.0000,   0.6445,  1.13669,  1.13627,  0.03087,  0.00000
  0.9677,   0.2581,   0.0000,   0.6463,  1.18551,  1.18511,  0.03087,  0.00000
  0.9677,   0.2903,   0.0000,   0.6481,  1.21895,  1.21859,  0.02939,  0.00000
  0.9677,   0.3226,   0.0000,   0.6496,  1.24104,  1.24075,  0.02668,  0.00000
  0.9677,   0.3548,   0.0000,   0.6510,  1.25505,  1.25484,  0.02299,  0.00000
  0.9677,   0.3871,   0.0000,   0.6521,  1.26351,  1.26338,  0.01857,  0.00000
  0.9677,   0.4194,   0.0000,   0.6530,  1.26833,  1.26826,  0.01362,  0.00000
  0.9677,   0.4516,   0.0000,   0.6536,  1.27084,  1.27081,  0.00831,  0.00000
  0.9677,   0.4839,   0.0000,   0.6539,  1.27188,  1.27188,  0.00279,  0.00000
  0.9677,   0.5161,   0.0000,   0.6539,  1.27188,  1.27188, -0.00279,  0.00000
  0.9677,   0.5484,   0.0000,   0.6536,  1.27084,  1.27081, -0.00831,  0.00000
  0.9677,   0.5806,   0.0000,   0.6530,  1.26833,  1.26826, -0.01362,  0.00000
  0.9677,   0.6129,   0.0000,   0.6521,  1.26351,  1.26338, -0.01857,  0.00000
  0.9677,   0.6452,   0.0000,   0.6510,  1.25505,  1.25484, -0.02299,  0.00000
  0.9677,   0.6774,   0.0000,   0.6496,  1.24104,  1.24075, -0.02668,  0.00000
  0.9677,   0.7097,   0.0000,   0.6481,  1.21895,  1.21859, -0.02939,  0.00000
  0.9677,   0.7419,   0.0000,   0.6463,  1.18551,  1.18511, -0.03087,  0.00000
  0.9677,   0.7742,   0.0000,   0.6445,  1.13669,  1.13627, -0.03087,  0.00000
  0.9677,   0.8065,   0.0000,   0.6426,  1.06766,  1.06726, -0.02915,  0.00000
  0.9677,   0.8387,   0.0000,   0.6408,  0.97306,  0.97272, -0.02563,  0.00000
  0.9677,   0.8710,   0.0000,   0.6391,  0.84755,  0.84731, -0.02040,  0.00000
  0.9677,   0.9032,   0.0000,   0.6376,  0.68692,  0.68677, -0.01397,  0.00000
  0.9677,   0.9355,   0.0000,   0.6363,  0.48971,  0.48966, -0.00735,  0.00000
  0.9677,   0.9677,   0.0000,   0.6352,  0.25871,  0.25870, -0.00210,  0.00000
  0.9677,   1.0000,   0.0000,   0.6346,  0.00000,  0.00000,  0.00000,  0.00000
  1.2903,   0.0000,   0.0000,   0.5686,  0.00000,  0.00000,  0.00000,  0.00000
  1.2903,   0.0323,   0.0000,   0.5688,  0.23610,  0.23609,  0.00096,  0.00000
  1.2903,   0.0645,   0.0000,   0.5694,  0.45019,  0.45018,  0.00356,  0.00000
  1.2903,   0.0968,   0.0000,   0.5699,  0.63929,  0.63925,  0.00724,  0.00000
  1.2903,   0.1290,   0.0000,   0.5705,  0.80096,  0.80088,  0.01128,  0.00000
  1.2903,   0.1613,   0.0000,   0.5712,  0.93450,  0.93438,  0.01500,  0.00000
  1.2903,   0.1935,   0.0000,   0.5720,  1.04124,  1.04109,  0.01793,  0.00000
  1.2903,   0.2258,   0.0000,   0.5728,  1.12395,  1.12377,  0.01980,  0.00000
  1.2903,   0.2581,   0.0000,   0.5737,  1.18618,  1.18600,  0.02050,  0.00000
  1.2903,   0.2903,   0.0000,   0.5746,  1.23168,  1.23152,  0.02008,  0.00000
  1.2903,   0.3226,   0.0000,   0.5754,  1.26400,  1.26386,  0.01865,  0.00000
  1.2903,   0.3548,   0.0000,   0.5761,  1.28625,  1.28614,  0.01637,  0.00000
  1.2903,   0.3871,   0.0000,   0.5767,  1.30102,  1.30095,  0.01341,  0.00000
  1.2903,   0.4194,   0.0000,   0.5772,  1.31035,  1.31032,  0.00993,  0.00000
  1.2903,   0.4516,   0.0000,   0.5775,  1.31576,  1.31575,  0.00610,  0.00000
  1.2903,   0.4839,   0.0000,   0.5777,  1.31823,  1.31823,  0.00206,  0.00000
  1.2903,   0.5161,   0.0000,   0.5777,  1.31823,  1.31823, -0.00206,  0.00000
  1.2903,   0.5484,   0.0000,   0.5775,  1.31576,  1.31575, -0.00610,  0.00000
  1.2903,   0.5806,   0.0000,   0.5772,  1.31035,  1.31032, -0.00993,  0.00000
  1.2903,   0.6129,   0.0000,   0.5767,  1.30101,  1.30095, -0.01341,  0.00000
  1.2903,   0.6452,   0.0000,   0.5761,  1.28625,  1.28614, -0.01637,  0.00000
  1.2903,   0.6774,   0.0000,   0.5754,  1.26400,  1.26386, -0.01865,  0.00000
  1.2903,   0.7097,   0.0000,   0.5746,  1.23168,  1.23152, -0.02008,  0.00000
  1.2903,   0.7419,   0.0000,   0.5737,  1.18618,  1.18600, -0.02050,  0.00000
  1.2903,   0.7742,   0.0000,   0.5728,  1.12395,  1.12377, -0.01980,  0.00000
  1.2903,   0.8065,   0.0000,   0.5720,  1.04124,  1.04109, -0.01793,  0.00000
  1.2903,   0.8387,   0.0000,   0.5712,  0.93450,  0.93438, -0.01500,  0.00000
  1.2903,   0.8710,   0.0000,   0.5705,  0.80096,  0.80088, -0.01128,  0.00000
  1.2903,   0.9032,   0.0000,   0.5699,  0.63929,  0.63925, -0.00724,  0.00000
  1.2903,   0.9355,   0.0000,   0.5694,  0.45019,  0.45018, -0.00356,  0.00000
  1.2903,   0.9677,   0.0000,   0.5688,  0.23610,  0.23609, -0.00096,  0.00000
  1.2903,   1.0000,   0.0000,   0.5686,  0.00000,  0.00000,  0.00000,  0.00000
  1.6129,   0.0000,   0.0000,   0.5091,  0.00000,  0.00000,  0.00000,  0.00000
  1.6129,   0.0323,   0.0000,   0.5093,  0.22313,  0.22312,  0.00058,  0.00000
  1.6129,   0.0645,   0.0000,   0.5096,  0.42688,  0.42688,  0.00215,  0.00000
  1.6129,   0.0968,   0.0000,   0.5099,  0.60961,  0.60959,  0.00446,  0.00000
  1.6129,   0.1290,   0.0000,   0.5102,  0.76967,  0.76964,  0.00713,  0.00000
  1.6129,   0.1613,   0.0000,   0.5105,  0.90619,  0.90614,  0.00978,  0.00000
  1.6129,   0.1935,   0.0000,   0.5109,  1.01941,  1.01934,  0.01205,  0.00000
  1.6129,   0.2258,   0.0000,   0.5113,  1.11073,  1.11065,  0.01369,  0.00000
  1.6129,   0.2581,   0.0000,   0.5117,  1.18240,  1.18231,  0.01454,  0.00000
  1.6129,   0.2903,   0.0000,   0.5122,  1.23716,  1.23707,  0.01455,  0.00000
  1.6129,   0.3226,   0.0000,   0.5126,  1.27787,  1.27780,  0.01377,  0.00000
  1.6129,   0.3548,   0.0000,   0.5130,  1.30727,  1.30721,  0.01228,  0.00000
  1.6129,   0.3871,   0.0000,   0.5133,  1.32777,  1.32773,  0.01018,  0.00000
  1.6129,   0.4194,   0.0000,   0.5136,  1.34137,  1.34135,  0.00761,  0.00000
  1.6129,   0.4516,   0.0000,   0.5138,  1.34960,  1.34959,  0.00470,  0.00000
  1.6129,   0.4839,   0.0000,   0.5139,  1.35346,  1.35346,  0.00159,  0.00000
  1.6129,   0.5161,   0.0000,   0.5139,  1.35346,  1.35346, -0.00159,  0.00000
  1.6129,   0.5484,   0.0000,   0.5138,  1.34960,  1.34959, -0.00470,  0.00000
  1.6129,   0.5806,   0.0000,   0.5136,  1.34137,  1.34135, -0.00761,  0.00000
  1.6129,   0.6129,   0.0000,   0.5133,  1.32777,  1.32773, -0.01018,  0.00000
  1.6129,   0.6452,   0.0000,   0.5130,  1.30727,  1.30721, -0.01228,  0.00000
  1.6129,   0.6774,   0.0000,   0.5126,  1.27787,  1.27780, -0.01377,  0.00000
  1.6129,   0.7097,   0.0000,   0.5122,  1.23716,  1.23707, -0.01455,  0.00000
  1.6129,   0.7419,   0.0000,   0.5117,  1.18240,  1.18231, -0.01454,  0.00000
  1.6129,   0.7742,   0.0000,   0.5113,  1.11073,  1.11065, -0.01369,  0.00000
  1.6129,   0.8065,   0.0000,   0.5109,  1.01941,  1.01934, -0.01205,  0.00000
  1.6129,   0.8387,   0.0000,   0.5105,  0.90619,  0.90614, -0.00978,  0.00000
  1.6129,   0.8710,   0.0000,   0.5102,  0.76967,  0.76964, -0.00713,  0.00000
  1.6129,   0.9032,   0.0000,   0.5099,  0.60961,  0.60959, -0.00446,  0.00000
  1.6129,   0.9355,   0.0000,   0.5096,  0.42688,  0.42688, -0.00215,  0.00000
  1.6129,   0.9677,   0.0000,   0.5093,  0.22313,  0.22312, -0.00058,  0.00000
  1.6129,   1.0000,   0.0000,   0.5091,  0.00000,  0.00000,  0.00000,  0.00000
  1.9355,   0.0000,   0.0000,   0.4542,  0.00000,  0.00000,  0.00000,  0.00000
  1.9355,   0.0323,   0.0000,   0.4543,  0.21456,  0.21456,  0.00040,  0.00000
  1.9355,   0.0645,   0.0000,   0.4545,  0.41139,  0.41139,  0.00147,  0.00000
  1.9355,   0.0968,   0.0000,   0.4547,  0.58945,  0.58944,  0.00305,  0.00000
  1.9355,   0.1290,   0.0000,   0.4549,  0.74764,  0.74762,  0.00493,  0.00000
  1.9355,   0.1613,   0.0000,   0.4551,  0.88521,  0.88519,  0.00686,  0.00000
  1.9355,   0.1935,   0.0000,   0.4553,  1.00210,  1.00206,  0.00861,  0.00000
  1.9355,   0.2258,   0.0000,   0.4555,  1.09900,  1.09896,  0.00995,  0.00000
  1.9355,   0.2581,   0.0000,   0.4558,  1.17737,  1.17733,  0.01076,  0.00000
  1.9355,   0.2903,   0.0000,   0.4560,  1.23918,  1.23913,  0.01095,  0.00000
  1.9355,   0.3226,   0.0000,   0.4563,  1.28667,  1.28662,  0.01051,  0.00000
  1.9355,   0.3548,   0.0000,   0.4565,  1.32212,  1.32208,  0.00949,  0.00000
  1.9355,   0.3871,   0.0000,   0.4567,  1.34766,  1.34763,  0.00794,  0.00000
  1.9355,   0.4194,   0.0000,   0.4569,  1.36512,  1.36511,  0.00598,  0.00000
  1.9355,   0.4516,   0.0000,   0.4570,  1.37595,  1.37595,  0.00371,  0.00000
  1.9355,   0.4839,   0.0000,   0.4570,  1.38112,  1.38112,  0.00126,  0.00000
  1.9355,   0.5161,   0.0000,   0.4570,  1.38112,  1.38112, -0.00126,  0.00000
  1.9355,   0.5484,   0.0000,   0.4570,  1.37595,  1.37595, -0.00371,  0.00000
  1.9355,   0.5806,   0.0000,   0.4569,  1.36512,  1.36511, -0.00598,  0.00000
  1.9355,   0.6129,   0.0000,   0.4567,  1.34766,  1.34763, -0.00794,  0.00000
  1.9355,   0.6452,   0.0000,   0.4565,  1.32212,  1.32208, -0.00949,  0.00000
  1.9355,   0.6774,   0.0000,   0.4563,  1.28667,  1.28662, -0.01051,  0.00000
  1.9355,   0.7097,   0.0000,   0.4560,  1.23918,  1.23913, -0.01095,  0.00000
  1.9355,   0.7419,   0.0000,   0.4558,  1.17737,  1.17733, -0.01076,  0.00000
  1.9355,   0.7742,   0.0000,   0.4555,  1.09900,  1.09896, -0.00995,  0.00000
  1.9355,   0.8065,   0.0000,   0.4553,  1.00210,  1.00206, -0.00861,  0.00000
  1.9355,   0.8387,   0.0000,   0.4551,  0.88521,  0.88519, -0.00686,  0.00000
  1.9355,   0.8710,   0.0000,   0.4549,  0.74764,  0.74762, -0.00493,  0.00000
  1.9355,   0.9032,   0.0000,   0.4547,  0.58945,  0.58944, -0.00305,  0.00000
  1.9355,   0.9355,   0.0000,   0.4545,  0.41139,  0.41139, -0.00147,  0.00000
  1.9355,   0.9677,   0.0000,   0.4543,  0.21456,  0.21456, -0.00040,  0.00000
  1.9355,   1.0000,   0.0000,   0.4542,  0.00000,  0.00000,  0.00000,  0.00000
  2.2581,   0.0000,   0.0000,   0.4027,  0.00000,  0.00000,  0.00000,  0.00000
  2.2581,   0.0323,   0.0000,   0.4028,  0.20846,  0.20846,  0.00029,  0.00000
  2.2581,   0.0645,   0.0000,   0.4030,  0.40035,  0.40035,  0.00106,  0.00000
  2.2581,   0.0968,   0.0000,   0.4031,  0.57495,  0.57495,  0.00221,  0.00000
  2.2581,   0.1290,   0.0000,   0.4032,  0.73149,  0.73148,  0.00360,  0.00000
  2.2581,   0.1613,   0.0000,   0.4033,  0.86938,  0.86937,  0.00505,  0.00000
  2.2581,   0.1935,   0.0000,   0.4034,  0.98847,  0.98845,  0.00639,  0.00000
  2.2581,   0.2258,   0.0000,   0.4036,  1.08915,  1.08913,  0.00748,  0.00000
  2.2581,   0.2581,   0.0000,   0.4037,  1.17238,  1.17235,  0.00818,  0.00000
  2.2581,   0.2903,   0.0000,   0.4039,  1.23957,  1.23954,  0.00843,  0.00000
  2.2581,   0.3226,   0.0000,   0.4041,  1.29247,  1.29244,  0.00818,  0.00000
  2.2581,   0.3548,   0.0000,   0.4042,  1.33294,  1.33292,  0.00745,  0.00000
  2.2581,   0.3871,   0.0000,   0.4043,  1.36280,  1.36278,  0.00628,  0.00000
  2.2581,   0.4194,   0.0000,   0.4044,  1.38366,  1.38365,  0.00476,  0.00000
  2.2581,   0.4516,   0.0000,   0.4045,  1.39682,  1.39681,  0.00297,  0.00000
  2.2581,   0.4839,   0.0000,   0.4046,  1.40317,  1.40317,  0.00101,  0.00000
  2.2581,   0.5161,   0.0000,   0.4046,  1.40317,  1.40317, -0.00101,  0.00000
  2.2581,   0.5484,   0.0000,   0.4045,  1.39682,  1.39681, -0.00297,  0.00000
  2.2581,   0.5806,   0.0000,   0.4044,  1.38366,  1.38365, -0.00476,  0.00000
  2.2581,   0.6129,   0.0000,   0.4043,  1.36280,  1.36278, -0.00628,  0.00000
  2.2581,   0.6452,   0.0000,   0.4042,  1.33294,  1.33292, -0.00745,  0.00000
  2.2581,   0.6774,   0.0000,   0.4041,  1.29247,  1.29244, -0.00818,  0.00000
  2.2581,   0.7097,   0.0000,   0.4039,  1.23957,  1.23954, -0.00843,  0.00000
  2.2581,   0.7419,   0.0000,   0.4037,  1.17238,  1.17235, -0.00818,  0.00000
  2.2581,   0.7742,   0.0000,   0.4036,  1.08915,  1.08913, -0.00748,  0.00000
  2.2581,   0.8065,   0.0000,   0.4034,  0.98847,  0.98845, -0.00639,  0.00000
  2.2581,   0.8387,   0.0000,   0.4033,  0.86938,  0.86937, -0.00505,  0.00000
  2.2581,   0.8710,   0.0000,   0.4032,  0.73149,  0.73148, -0.00360,  0.00000
  2.2581,   0.9032,   0.0000,   0.4031,  0.57495,  0.57495, -0.00221,  0.00000
  2.2581,   0.9355,   0.0000,   0.4030,  0.40035,  0.40035, -0.00106,  0.00000
  2.2581,   0.9677,   0.0000,   0.4028,  0.20846,  0.20846, -0.00029,  0.00000
  2.2581,   1.0000,   0.0000,   0.4027,  0.00000,  0.00000,  0.00000,  0.00000
  2.5806,   0.0000,   0.0000,   0.3538,  0.00000,  0.00000,  0.00000,  0.00000
  2.5806,   0.0323,   0.0000,   0.3539,  0.20393,  0.20393,  0.00022,  0.00000
  2.5806,   0.0645,   0.0000,   0.3540,  0.39214,  0.39214,  0.00080,  0.00000
  2.5806,   0.0968,   0.0000,   0.3541,  0.56412,  0.56411,  0.00167,  0.00000
  2.5806,   0.1290,   0.0000,   0.3542,  0.71929,  0.71929,  0.00271,  0.00000
  2.5806,   0.1613,   0.0000,   0.3543,  0.85722,  0.85721,  0.00382,  0.00000
  2.5806,   0.1935,   0.0000,   0.3543,  0.97774,  0.97773,  0.00487,  0.00000
  2.5806,   0.2258,   0.0000,   0.3544,  1.08107,  1.08106,  0.00575,  0.00000
  2.5806,   0.2581,   0.0000,   0.3545,  1.16788,  1.16786,  0.00634,  0.00000
  2.5806,   0.2903,   0.0000,   0.3547,  1.23921,  1.23920,  0.00658,  0.00000
  2.5806,   0.3226,   0.0000,   0.3548,  1.29643,  1.29641,  0.00643,  0.00000
  2.5806,   0.3548,   0.0000,   0.3549,  1.34102,  1.34101,  0.00590,  0.00000
  2.5806,   0.3871,   0.0000,   0.3550,  1.37451,  1.37451,  0.00501,  0.00000
  2.5806,   0.4194,   0.0000,   0.3550,  1.39829,  1.39828,  0.00381,  0.00000
  2.5806,   0.4516,   0.0000,   0.3551,  1.41347,  1.41347,  0.00238,  0.00000
  2.5806,   0.4839,   0.0000,   0.3551,  1.42087,  1.42087,  0.00081,  0.00000
  2.5806,   0.5161,   0.0000,   0.3551,  1.42087,  1.42087, -0.00081,  0.00000
  2.5806,   0.5484,   0.0000,   0.3551,  1.41347,  1.41347, -0.00238,  0.00000
  2.5806,   0.5806,   0.0000,   0.3550,  1.39829,  1.39828, -0.00381,  0.00000
  2.5806,   0.6129,   0.0000,   0.3550,  1.37451,  1.37451, -0.00501,  0.00000
  2.5806,   0.6452,   0.0000,   0.3549,  1.34102,  1.34101, -0.00590,  0.00000
  2.5806,   0.6774,   0.0000,   0.3548,  1.29643,  1.29641, -0.00643,  0.00000
  2.5806,   0.7097,   0.0000,   0.3547,  1.23921,  1.23920, -0.00658,  0.00000
  2.5806,   0.7419,   0.0000,   0.3545,  1.16788,  1.16786, -0.00634,  0.00000
  2.5806,   0.7742,   0.0000,   0.3544,  1.08107,  1.08106, -0.00575,  0.00000
  2.5806,   0.8065,   0.0000,   0.3543,  0.97774,  0.97773, -0.00487,  0.00000
  2.5806,   0.8387,   0.0000,   0.3543,  0.85722,  0.85721, -0.00382,  0.00000
  2.5806,   0.8710,   0.0000,   0.3542,  0.71929,  0.71929, -0.00271,  0.00000
  2.5806,   0.9032,   0.0000,   0.3541,  0.56412,  0.56411, -0.00167,  0.00000
  2.5806,   0.9355,   0.0000,   0.3540,  0.39214,  0.39214, -0.00080,  0.00000
  2.5806,   0.9677,   0.0000,   0.3539,  0.20393,  0.20393, -0.00022,  0.00000
  2.5806,   1.0000,   0.0000,   0.3538,  0.00000,  0.00000,  0.00000,  0.00000
  2.9032,   0.0000,   0.0000,   0.3070,  0.00000,  0.00000,  0.00000,  0.00000
  2.9032,   0.0323,   0.0000,   0.3070,  0.20047,  0.20047,  0.00017,  0.00000
  2.9032,   0.0645,   0.0000,   0.3071,  0.38587,  0.38587,  0.00062,  0.00000
  2.9032,   0.0968,   0.0000,   0.3072,  0.55582,  0.55582,  0.00128,  0.00000
  2.9032,   0.1290,   0.0000,   0.3072,  0.70990,  0.70989,  0.00209,  0.00000
  2.9032,   0.1613,   0.0000,   0.3073,  0.84775,  0.84775,  0.00296,  0.00000
  2.9032,   0.1935,   0.0000,   0.3073,  0.96925,  0.96924,  0.00378,  0.00000
  2.9032,   0.2258,   0.0000,   0.3074,  1.07451,  1.07450,  0.00448,  0.00000
  2.9032,   0.2581,   0.0000,   0.3075,  1.16402,  1.16401,  0.00497,  0.00000
  2.9032,   0.2903,   0.0000,   0.3076,  1.23858,  1.23856,  0.00519,  0.00000
  2.9032,   0.3226,   0.0000,   0.3076,  1.29922,  1.29921,  0.00510,  0.00000
  2.9032,   0.3548,   0.0000,   0.3077,  1.34718,  1.34717,  0.00471,  0.00000
  2.9032,   0.3871,   0.0000,   0.3078,  1.38369,  1.38368,  0.00401,  0.00000
  2.9032,   0.4194,   0.0000,   0.3078,  1.40991,  1.40991,  0.00306,  0.00000
  2.9032,   0.4516,   0.0000,   0.3079,  1.42683,  1.42683,  0.00192,  0.00000
  2.9032,   0.4839,   0.0000,   0.3079,  1.43511,  1.43511,  0.00065,  0.00000
  2.9032,   0.5161,   0.0000,   0.3079,  1.43511,  1.43511, -0.00065,  0.00000
  2.9032,   0.5484,   0.0000,   0.3079,  1.42683,  1.42683, -0.00192,  0.00000
  2.9032,   0.5806,   0.0000,   0.3078,  1.40991,  1.40991, -0.00306,  0.00000
  2.9032,   0.6129,   0.0000,   0.3078,  1.38369,  1.38368, -0.00401,  0.00000
  2.9032,   0.6452,   0.0000,   0.3077,  1.34718,  1.34717, -0.00471,  0.00000
  2.9032,   0.6774,   0.0000,   0.3076,  1.29922,  1.29921, -0.00510,  0.00000
  2.9032,   0.7097,   0.0000,   0.3076,  1.23858,  1.23856, -0.00519,  0.00000
  2.9032,   0.7419,   0.0000,   0.3075,  1.16402,  1.16401, -0.00497,  0.00000
  2.9032,   0.7742,   0.0000,   0.3074,  1.07451,  1.07450, -0.00448,  0.00000
  2.9032,   0.8065,   0.0000,   0.3073,  0.96925,  0.96924, -0.00378,  0.00000
  2.9032,   0.8387,   0.0000,   0.3073,  0.84775,  0.84775, -0.00296,  0.00000
  2.9032,   0.8710,   0.0000,   0.3072,  0.70990,  0.70989, -0.00209,  0.00000
  2.9032,   0.9032,   0.0000,   0.3072,  0.55582,  0.55582, -0.00128,  0.00000
  2.9032,   0.9355,   0.0000,   0.3071,  0.38587,  0.38587, -0.00062,  0.00000
  2.9032,   0.9677,   0.0000,   0.3070,  0.20047,  0.20047, -0.00017,  0.00000
  2.9032,   1.0000,   0.0000,   0.3070,  0.00000,  0.00000,  0.00000,  0.00000
  3.2258,   0.0000,   0.0000,   0.2617,  0.00000,  0.00000,  0.00000,  0.00000
  3.2258,   0.0323,   0.0000,   0.2617,  0.19777,  0.19777,  0.00013,  0.00000
  3.2258,   0.0645,   0.0000,   0.2618,  0.38099,  0.38099,  0.00048,  0.00000
  3.2258,   0.0968,   0.0000,   0.2618,  0.54935,  0.54935,  0.00100,  0.00000
  3.2258,   0.1290,   0.0000,   0.2619,  0.70255,  0.70255,  0.00164,  0.00000
  3.2258,   0.1613,   0.0000,   0.2619,  0.84030,  0.84030,  0.00232,  0.00000
  3.2258,   0.1935,   0.0000,   0.2620,  0.96249,  0.96248,  0.00297,  0.00000
  3.2258,   0.2258,   0.0000,   0.2620,  1.06920,  1.06920,  0.00353,  0.00000
  3.2258,   0.2581,   0.0000,   0.2621,  1.16079,  1.16078,  0.00393,  0.00000
  3.2258,   0.2903,   0.0000,   0.2621,  1.23787,  1.23786,  0.00412,  0.00000
  3.2258,   0.3226,   0.0000,   0.2622,  1.30126,  1.30125,  0.00407,  0.00000
  3.2258,   0.3548,   0.0000,   0.2623,  1.35194,  1.35193,  0.00377,  0.00000
  3.2258,   0.3871,   0.0000,   0.2623,  1.39093,  1.39093,  0.00322,  0.00000
  3.2258,   0.4194,   0.0000,   0.2623,  1.41920,  1.41920,  0.00247,  0.00000
  3.2258,   0.4516,   0.0000,   0.2624,  1.43756,  1.43756,  0.00155,  0.00000
  3.2258,   0.4839,   0.0000,   0.2624,  1.44660,  1.44660,  0.00053,  0.00000
  3.2258,   0.5161,   0.0000,   0.2624,  1.44660,  1.44660, -0.00053,  0.00000
  3.2258,   0.5484,   0.0000,   0.2624,  1.43756,  1.43756, -0.00155,  0.00000
  3.2258,   0.5806,   0.0000,   0.2623,  1.41920,  1.41920, -0.00247,  0.00000
  3.2258,   0.6129,   0.0000,   0.2623,  1.39093,  1.39093, -0.00322,  0.00000
  3.2258,   0.6452,   0.0000,   0.2623,  1.35194,  1.35193, -0.00377,  0.00000
  3.2258,   0.6774,   0.0000,   0.2622,  1.30126,  1.30125, -0.00407,  0.00000
  3.2258,   0.7097,   0.0000,   0.2621,  1.23787,  1.23786, -0.00412,  0.00000
  3.2258,   0.7419,   0.0000,   0.2621,  1.16079,  1.16078, -0.00393,  0.00000
  3.2258,   0.7742,   0.0000,   0.2620,  1.06920,  1.06920, -0.00353,  0.00000
  3.2258,   0.8065,   0.0000,   0.2620,  0.96249,  0.96248, -0.00297,  0.00000
  3.2258,   0.8387,   0.0000,   0.2619,  0.84030,  0.84030, -0.00232,  0.00000
  3.2258,   0.8710,   0.0000,   0.2619,  0.70255,  0.70255, -0.00164,  0.00000
  3.2258,   0.9032,   0.0000,   0.2618,  0.54935,  0.54935, -0.00100,  0.00000
  3.2258,   0.9355,   0.0000,   0.2618,  0.38099,  0.38099, -0.00048,  0.00000
  3.2258,   0.9677,   0.0000,   0.2617,  0.19777,  0.19777, -0.00013,  0.00000
  3.2258,   1.0000,   0.0000,   0.2617,  0.00000,  0.00000,  0.00000,  0.00000
  3.5484,   0.0000,   0.0000,   0.2177,  0.00000,  0.00000,  0.00000,  0.00000
  3.5484,   0.0323,   0.0000,   0.2177,  0.19565,  0.19565,  0.00010,  0.00000
  3.5484,   0.0645,   0.0000,   0.2178,  0.37714,  0.37714,  0.00038,  0.00000
  3.5484,   0.0968,   0.0000,   0.2178,  0.54426,  0.54426,  0.00079,  0.00000
  3.5484,   0.1290,   0.0000,   0.2178,  0.69675,  0.69675,  0.00130,  0.00000
  3.5484,   0.1613,   0.0000,   0.2179,  0.83439,  0.83439,  0.00184,  0.00000
  3.5484,   0.1935,   0.0000,   0.2179,  0.95709,  0.95709,  0.00236,  0.00000
  3.5484,   0.2258,   0.0000,   0.2180,  1.06491,  1.06491,  0.00281,  0.00000
  3.5484,   0.2581,   0.0000,   0.2180,  1.15812,  1.15811,  0.00313,  0.00000
  3.5484,   0.2903,   0.0000,   0.2180,  1.23719,  1.23718,  0.00329,  0.00000
  3.5484,   0.3226,   0.0000,   0.2181,  1.30278,  1.30277,  0.00326,  0.00000
  3.5484,   0.3548,   0.0000,   0.2181,  1.35567,  1.35566,  0.00303,  0.00000
  3.5484,   0.3871,   0.0000,   0.2182,  1.39669,  1.39669,  0.00259,  0.00000
  3.5484,   0.4194,   0.0000,   0.2182,  1.42665,  1.42665,  0.00199,  0.00000
  3.5484,   0.4516,   0.0000,   0.2182,  1.44621,  1.44621,  0.00125,  0.00000
  3.5484,   0.4839,   0.0000,   0.2182,  1.45587,  1.45587,  0.00043,  0.00000
  3.5484,   0.5161,   0.0000,   0.2182,  1.45587,  1.45587, -0.00043,  0.00000
  3.5484,   0.5484,   0.0000,   0.2182,  1.44621,  1.44621, -0.00125,  0.00000
  3.5484,   0.5806,   0.0000,   0.2182,  1.42665,  1.42665, -0.00199,  0.00000
  3.5484,   0.6129,   0.0000,   0.2182,  1.39669,  1.39669, -0.00259,  0.00000
  3.5484,   0.6452,   0.0000,   0.2181,  1.35567,  1.35566, -0.00303,  0.00000
  3.5484,   0.6774,   0.0000,   0.2181,  1.30278,  1.30277, -0.00326,  0.00000
  3.5484,   0.7097,   0.0000,   0.2180,  1.23719,  1.23718, -0.00329,  0.00000
  3.5484,   0.7419,   0.0000,   0.2180,  1.15812,  1.15811, -0.00313,  0.00000
  3.5484,   0.7742,   0.0000,   0.2180,  1.06491,  1.06491, -0.00281,  0.00000
  3.5484,   0.8065,   0.0000,   0.2179,  0.95709,  0.95709, -0.00236,  0.00000
  3.5484,   0.8387,   0.0000,   0.2179,  0.83439,  0.83439, -0.00184,  0.00000
  3.5484,   0.8710,   0.0000,   0.2178,  0.69675,  0.69675, -0.00130,  0.00000
  3.5484,   0.9032,   0.0000,   0.2178,  0.54426,  0.54426, -0.00079,  0.00000
  3.5484,   0.9355,   0.0000,   0.2178,  0.37714,  0.37714, -0.00038,  0.00000
  3.5484,   0.9677,   0.0000,   0.2177,  0.19565,  0.19565, -0.00010,  0.00000
  3.5484,   1.0000,   0.0000,   0.2177,  0.00000,  0.00000,  0.00000,  0.00000
  3.8710,   0.0000,   0.0000,   0.1747,  0.00000,  0.00000,  0.00000,  0.00000
  3.8710,   0.0323,   0.0000,   0.1747,  0.19396,  0.19396,  0.00008,  0.00000
  3.8710,   0.0645,   0.0000,   0.1748,  0.37409,  0.37409,  0.00030,  0.00000
  3.8710,   0.0968,   0.0000,   0.1748,  0.54021,  0.54021,  0.00063,  0.00000
  3.8710,   0.1290,   0.0000,   0.1748,  0.69213,  0.69213,  0.00103,  0.00000
  3.8710,   0.1613,   0.0000,   0.1749,  0.82967,  0.82967,  0.00146,  0.00000
  3.8710,   0.1935,   0.0000,   0.1749,  0.95276,  0.95276,  0.00188,  0.00000
  3.8710,   0.2258,   0.0000,   0.1749,  1.06145,  1.06144,  0.00224,  0.00000
  3.8710,   0.2581,   0.0000,   0.1749,  1.15593,  1.15593,  0.00251,  0.00000
  3.8710,   0.2903,   0.0000,   0.1750,  1.23658,  1.23658,  0.00264,  0.00000
  3.8710,   0.3226,   0.0000,   0.1750,  1.30393,  1.30393,  0.00262,  0.00000
  3.8710,   0.3548,   0.0000,   0.1750,  1.35861,  1.35861,  0.00244,  0.00000
  3.8710,   0.3871,   0.0000,   0.1751,  1.40129,  1.40129,  0.00209,  0.00000
  3.8710,   0.4194,   0.0000,   0.1751,  1.43263,  1.43263,  0.00161,  0.00000
  3.8710,   0.4516,   0.0000,   0.1751,  1.45319,  1.45319,  0.00101,  0.00000
  3.8710,   0.4839,   0.0000,   0.1751,  1.46337,  1.46337,  0.00034,  0.00000
  3.8710,   0.5161,   0.0000,   0.1751,  1.46337,  1.46337, -0.00034,  0.00000
  3.8710,   0.5484,   0.0000,   0.1751,  1.45319,  1.45319, -0.00101,  0.00000
  3.8710,   0.5806,   0.0000,   0.1751,  1.43263,  1.43263, -0.00161,  0.00000
  3.8710,   0.6129,   0.0000,   0.1751,  1.40129,  1.40129, -0.00209,  0.00000
  3.8710,   0.6452,   0.0000,   0.1750,  1.35861,  1.35861, -0.00244,  0.00000
  3.8710,   0.6774,   0.0000,   0.1750,  1.30393,  1.30393, -0.00262,  0.00000
  3.8710,   0.7097,   0.0000,   0.1750,  1.23658,  1.23658, -0.00264,  0.00000
  3.8710,   0.7419,   0.0000,   0.1749,  1.15593,  1.15593, -0.00251,  0.00000
  3.8710,   0.7742,   0.0000,   0.1749,  1.06145,  1.06144, -0.00224,  0.00000
  3.8710,   0.8065,   0.0000,   0.1749,  0.95276,  0.95276, -0.00188,  0.00000
  3.8710,   0.8387,   0.0000,   0.1749,  0.82967,  0.82967, -0.00146,  0.00000
  3.8710,   0.8710,   0.0000,   0.1748,  0.69213,  0.69213, -0.00103,  0.00000
  3.8710,   0.9032,   0.0000,   0.1748,  0.54021,  0.54021, -0.00063,  0.00000
  3.8710,   0.9355,   0.0000,   0.1748,  0.37409,  0.37409, -0.00030,  0.00000
  3.8710,   0.9677,   0.0000,   0.1747,  0.19396,  0.19396, -0.00008,  0.00000
  3.8710,   1.0000,   0.0000,   0.1747,  0.00000,  0.00000,  0.00000,  0.00000
  4.1935,   0.0000,   0.0000,   0.1325,  0.00000,  0.00000,  0.00000,  0.00000
  4.1935,   0.0323,   0.0000,   0.1326,  0.19261,  0.19261,  0.00007,  0.00000
  4.1935,   0.0645,   0.0000,   0.1326,  0.37164,  0.37164,  0.00024,  0.00000
  4.1935,   0.0968,   0.0000,   0.1326,  0.53697,  0.53697,  0.00051,  0.00000
  4.1935,   0.1290,   0.0000,   0.1326,  0.68843,  0.68843,  0.00083,  0.00000
  4.1935,   0.1613,   0.0000,   0.1327,  0.82589,  0.82589,  0.00117,  0.00000
  4.1935,   0.1935,   0.0000,   0.1327,  0.94929,  0.94929,  0.00151,  0.00000
  4.1935,   0.2258,   0.0000,   0.1327,  1.05865,  1.05865,  0.00180,  0.00000
  4.1935,   0.2581,   0.0000,   0.1327,  1.15414,  1.15414,  0.00202,  0.00000
  4.1935,   0.2903,   0.0000,   0.1328,  1.23606,  1.23606,  0.00213,  0.00000
  4.1935,   0.3226,   0.0000,   0.1328,  1.30483,  1.30483,  0.00211,  0.00000
  4.1935,   0.3548,   0.0000,   0.1328,  1.36095,  1.36095,  0.00197,  0.00000
  4.1935,   0.3871,   0.0000,   0.1328,  1.40499,  1.40498,  0.00169,  0.00000
  4.1935,   0.4194,   0.0000,   0.1329,  1.43746,  1.43746,  0.00130,  0.00000
  4.1935,   0.4516,   0.0000,   0.1329,  1.45883,  1.45883,  0.00082,  0.00000
  4.1935,   0.4839,   0.0000,   0.1329,  1.46943,  1.46943,  0.00028,  0.00000
  4.1935,   0.5161,   0.0000,   0.1329,  1.46943,  1.46943, -0.00028,  0.00000
  4.1935,   0.5484,   0.0000,   0.1329,  1.45883,  1.45883, -0.00082,  0.00000
  4.1935,   0.5806,   0.0000,   0.1329,  1.43746,  1.43746, -0.00130,  0.00000
  4.1935,   0.6129,   0.0000,   0.1328,  1.40499,  1.40498, -0.00169,  0.00000
  4.1935,   0.6452,   0.0000,   0.1328,  1.36095,  1.36095, -0.00197,  0.00000
  4.1935,   0.6774,   0.0000,   0.1328,  1.30483,  1.30483, -0.00211,  0.00000
  4.1935,   0.7097,   0.0000,   0.1328,  1.23606,  1.23606, -0.00213,  0.00000
  4.1935,   0.7419,   0.0000,   0.1327,  1.15414,  1.15414, -0.00202,  0.00000
  4.1935,   0.7742,   0.0000,   0.1327,  1.05865,  1.05865, -0.00180,  0.00000
  4.1935,   0.8065,   0.0000,   0.1327,  0.94929,  0.94929, -0.00151,  0.00000
  4.1935,   0.8387,   0.0000,   0.1327,  0.82589,  0.82589, -0.00117,  0.00000
  4.1935,   0.8710,   0.0000,   0.1326,  0.68843,  0.68843, -0.00083,  0.00000
  4.1935,   0.9032,   0.0000,   0.1326,  0.53697,  0.53697, -0.00051,  0.00000
  4.1935,   0.9355,   0.0000,   0.1326,  0.37164,  0.37164, -0.00024,  0.00000
  4.1935,   0.9677,   0.0000,   0.1326,  0.19261,  0.19261, -0.00007,  0.00000
  4.1935,   1.0000,   0.0000,   0.1325,  0.00000,  0.00000,  0.00000,  0.00000
  4.5161,   0.0000,   0.0000,   0.0910,  0.00000,  0.00000,  0.00000,  0.00000
  4.5161,   0.0323,   0.0000,   0.0911,  0.19152,  0.19152,  0.00005,  0.00000
  4.5161,   0.0645,   0.0000,   0.0911,  0.36968,  0.36968,  0.00020,  0.00000
  4.5161,   0.0968,   0.0000,   0.0911,  0.53437,  0.53437,  0.00041,  0.00000
  4.5161,   0.1290,   0.0000,   0.0911,  0.68546,  0.68546,  0.00067,  0.00000
  4.5161,   0.1613,   0.0000,   0.0911,  0.82285,  0.82285,  0.00094,  0.00000
  4.5161,   0.1935,   0.0000,   0.0912,  0.94648,  0.94648,  0.00121,  0.00000
  4.5161,   0.2258,   0.0000,   0.0912,  1.05638,  1.05638,  0.00145,  0.00000
  4.5161,   0.2581,   0.0000,   0.0912,  1.15269,  1.15268,  0.00162,  0.00000
  4.5161,   0.2903,   0.0000,   0.0912,  1.23562,  1.23562,  0.00171,  0.00000
  4.5161,   0.3226,   0.0000,   0.0912,  1.30553,  1.30553,  0.00170,  0.00000
  4.5161,   0.3548,   0.0000,   0.0913,  1.36283,  1.36283,  0.00159,  0.00000
  4.5161,   0.3871,   0.0000,   0.0913,  1.40796,  1.40796,  0.00137,  0.00000
  4.5161,   0.4194,   0.0000,   0.0913,  1.44135,  1.44135,  0.00105,  0.00000
  4.5161,   0.4516,   0.0000,   0.0913,  1.46339,  1.46339,  0.00066,  0.00000
  4.5161,   0.4839,   0.0000,   0.0913,  1.47434,  1.47434,  0.00023,  0.00000
  4.5161,   0.5161,   0.0000,   0.0913,  1.47434,  1.47434, -0.00023,  0.00000
  4.5161,   0.5484,   0.0000,   0.0913,  1.46339,  1.46339, -0.00066,  0.00000
  4.5161,   0.5806,   0.0000,   0.0913,  1.44135,  1.44135, -0.00105,  0.00000
  4.5161,   0.6129,   0.0000,   0.0913,  1.40796,  1.40796, -0.00137,  0.00000
  4.5161,   0.6452,   0.0000,   0.0913,  1.36283,  1.36283, -0.00159,  0.00000
  4.5161,   0.6774,   0.0000,   0.0912,  1.30553,  1.30553, -0.00170,  0.00000
  4.5161,   0.7097,   0.0000,   0.0912,  1.23562,  1.23562, -0.00171,  0.00000
  4.5161,   0.7419,   0.0000,   0.0912,  1.15268,  1.15268, -0.00162,  0.00000
  4.5161,   0.7742,   0.0000,   0.0912,  1.05638,  1.05638, -0.00145,  0.00000
  4.5161,   0.8065,   0.0000,   0.0912,  0.94648,  0.94648, -0.00121,  0.00000
  4.5161,   0.8387,   0.0000,   0.0911,  0.82285,  0.82285, -0.00094,  0.00000
  4.5161,   0.8710,   0.0000,   0.0911,  0.68546,  0.68546, -0.00067,  0.00000
  4.5161,   0.9032,   0.0000,   0.0911,  0.53437,  0.53437, -0.00041,  0.00000
  4.5161,   0.9355,   0.0000,   0.0911,  0.36968,  0.36968, -0.00020,  0.00000
  4.5161,   0.9677,   0.0000,   0.0911,  0.19152,  0.19152, -0.00005,  0.00000
  4.5161,   1.0000,   0.0000,   0.0910,  0.00000,  0.00000,  0.00000,  0.00000
  4.8387,   0.0000,   0.0000,   0.0501,  0.00000,  0.00000,  0.00000,  0.00000
  4.8387,   0.0323,   0.0000,   0.0501,  0.19065,  0.19065,  0.00004,  0.00000
  4.8387,   0.0645,   0.0000,   0.0501,  0.36810,  0.36810,  0.00016,  0.00000
  4.8387,   0.0968,   0.0000,   0.0501,  0.53228,  0.53228,  0.00033,  0.00000
  4.8387,   0.1290,   0.0000,   0.0502,  0.68307,  0.68307,  0.00054,  0.00000
  4.8387,   0.1613,   0.0000,   0.0502,  0.82040,  0.82040,  0.00076,  0.00000
  4.8387,   0.1935,   0.0000,   0.0502,  0.94422,  0.94422,  0.00098,  0.00000
  4.8387,   0.2258,   0.0000,   0.0502,  1.05455,  1.05455,  0.00117,  0.00000
  4.8387,   0.2581,   0.0000,   0.0502,  1.15150,  1.15150,  0.00131,  0.00000
  4.8387,   0.2903,   0.0000,   0.0502,  1.23526,  1.23526,  0.00138,  0.00000
  4.8387,   0.3226,   0.0000,   0.0502,  1.30609,  1.30609,  0.00138,  0.00000
  4.8387,   0.3548,   0.0000,   0.0503,  1.36434,  1.36433,  0.00128,  0.00000
  4.8387,   0.3871,   0.0000,   0.0503,  1.41035,  1.41035,  0.00111,  0.00000
  4.8387,   0.4194,   0.0000,   0.0503,  1.44450,  1.44450,  0.00085,  0.00000
  4.8387,   0.4516,   0.0000,   0.0503,  1.46708,  1.46708,  0.00054,  0.00000
  4.8387,   0.4839,   0.0000,   0.0503,  1.47831,  1.47831,  0.00018,  0.00000
  4.8387,   0.5161,   0.0000,   0.0503,  1.47831,  1.47831, -0.00018,  0.00000
  4.8387,   0.5484,   0.0000,   0.0503,  1.46708,  1.46708, -0.00054,  0.00000
  4.8387,   0.5806,   0.0000,   0.0503,  1.44450,  1.44450, -0.00085,  0.00000
  4.8387,   0.6129,   0.0000,   0.0503,  1.41035,  1.41035, -0.00111,  0.00000
  4.8387,   0.6452,   0.0000,   0.0503,  1.36434,  1.36433, -0.00128,  0.00000
  4.8387,   0.6774,   0.0000,   0.0502,  1.30609,  1.30609, -0.00138,  0.00000
  4.8387,   0.7097,   0.0000,   0.0502,  1.23526,  1.23526, -0.00138,  0.00000
  4.8387,   0.7419,   0.0000,   0.0502,  1.15150,  1.15150, -0.00131,  0.00000
  4.8387,   0.7742,   0.0000,   0.0502,  1.05455,  1.05455, -0.00117,  0.00000
  4.8387,   0.8065,   0.0000,   0.0502,  0.94422,  0.94422, -0.00098,  0.00000
  4.8387,   0.8387,   0.0000,   0.0502,  0.82040,  0.82040, -0.00076,  0.00000
  4.8387,   0.8710,   0.0000,   0.0502,  0.68307,  0.68307, -0.00054,  0.00000
  4.8387,   0.9032,   0.0000,   0.0501,  0.53228,  0.53228, -0.00033,  0.00000
  4.8387,   0.9355,   0.0000,   0.0501,  0.36810,  0.36810, -0.00016,  0.00000
  4.8387,   0.9677,   0.0000,   0.0501,  0.19065,  0.19065, -0.00004,  0.00000
  4.8387,   1.0000,   0.0000,   0.0501,  0.00000,  0.00000,  0.00000,  0.00000
  5.1613,   0.0000,   0.0000,   0.0096,  0.00000,  0.00000,  0.00000,  0.00000
  5.1613,   0.0323,   0.0000,   0.0096,  0.18994,  0.18994,  0.00003,  0.00000
  5.1613,   0.0645,   0.0000,   0.0096,  0.36683,  0.36683,  0.00013,  0.00000
  5.1613,   0.0968,   0.0000,   0.0096,  0.53059,  0.53059,  0.00027,  0.00000
  5.1613,   0.1290,   0.0000,   0.0096,  0.68114,  0.68114,  0.00043,  0.00000
  5.1613,   0.1613,   0.0000,   0.0096,  0.81842,  0.81842,  0.00061,  0.00000
  5.1613,   0.1935,   0.0000,   0.0096,  0.94239,  0.94239,  0.00079,  0.00000
  5.1613,   0.2258,   0.0000,   0.0096,  1.05307,  1.05307,  0.00095,  0.00000
  5.1613,   0.2581,   0.0000,   0.0097,  1.15054,  1.15054,  0.00106,  0.00000
  5.1613,   0.2903,   0.0000,   0.0097,  1.23496,  1.23496,  0.00112,  0.00000
  5.1613,   0.3226,   0.0000,   0.0097,  1.30654,  1.30654,  0.00111,  0.00000
  5.1613,   0.3548,   0.0000,   0.0097,  1.36555,  1.36555,  0.00104,  0.00000
  5.1613,   0.3871,   0.0000,   0.0097,  1.41229,  1.41229,  0.00089,  0.00000
  5.1613,   0.4194,   0.0000,   0.0097,  1.44704,  1.44704,  0.00069,  0.00000
  5.1613,   0.4516,   0.0000,   0.0097,  1.47006,  1.47006,  0.00043,  0.00000
  5.1613,   0.4839,   0.0000,   0.0097,  1.48153,  1.48153,  0.00015,  0.00000
  5.1613,   0.5161,   0.0000,   0.0097,  1.48153,  1.48153, -0.00015,  0.00000
  5.1613,   0.5484,   0.0000,   0.0097,  1.47006,  1.47006, -0.00043,  0.00000
  5.1613,   0.5806,   0.0000,   0.0097,  1.44704,  1.44704, -0.00069,  0.00000
  5.1613,   0.6129,   0.0000,   0.0097,  1.41229,  1.41229, -0.00089,  0.00000
  5.1613,   0.6452,   0.0000,   0.0097,  1.36555,  1.36555, -0.00104,  0.00000
  5.1613,   0.6774,   0.0000,   0.0097,  1.30654,  1.30654, -0.00111,  0.00000
  5.1613,   0.7097,   0.0000,   0.0097,  1.23496,  1.23496, -0.00112,  0.00000
  5.1613,   0.7419,   0.0000,   0.0097,  1.15054,  1.15054, -0.00106,  0.00000
  5.1613,   0.7742,   0.0000,   0.0096,  1.05307,  1.05307, -0.00095,  0.00000
  5.1613,   0.8065,   0.0000,   0.0096,  0.94239,  0.94239, -0.00079,  0.00000
  5.1613,   0.8387,   0.0000,   0.0096,  0.81842,  0.81842, -0.00061,  0.00000
  5.1613,   0.8710,   0.0000,   0.0096,  0.68114,  0.68114, -0.00043,  0.00000
  5.1613,   0.9032,   0.0000,   0.0096,  0.53059,  0.53059, -0.00027,  0.00000
  5.1613,   0.9355,   0.0000,   0.0096,  0.36683,  0.36683, -0.00013,  0.00000
  5.1613,   0.9677,   0.0000,   0.0096,  0.18994,  0.18994, -0.00003,  0.00000
  5.1613,   1.0000,   0.0000,   0.0096,  0.00000,  0.00000,  0.00000,  0.00000
  5.4839,   0.0000,   0.0000,  -0.0306,  0.00000,  0.00000,  0.00000,  0.00000
  5.4839,   0.0323,   0.0000,  -0.0306,  0.18937,  0.18937,  0.00003,  0.00000
  5.4839,   0.0645,   0.0000,  -0.0306,  0.36579,  0.36579,  0.00010,  0.00000
  5.4839,   0.0968,   0.0000,  -0.0306,  0.52922,  0.52922,  0.00021,  0.00000
  5.4839,   0.1290,   0.0000,  -0.0306,  0.67958,  0.67958,  0.00035,  0.00000
  5.4839,   0.1613,   0.0000,  -0.0306,  0.81682,  0.81682,  0.00050,  0.00000
  5.4839,   0.1935,   0.0000,  -0.0305,  0.94091,  0.94091,  0.00064,  0.00000
  5.4839,   0.2258,   0.0000,  -0.0305,  1.05187,  1.05187,  0.00076,  0.00000
  5.4839,   0.2581,   0.0000,  -0.0305,  1.14976,  1.14976,  0.00086,  0.00000
  5.4839,   0.2903,   0.0000,  -0.0305,  1.23471,  1.23471,  0.00091,  0.00000
  5.4839,   0.3226,   0.0000,  -0.0305,  1.30689,  1.30689,  0.00090,  0.00000
  5.4839,   0.3548,   0.0000,  -0.0305,  1.36653,  1.36653,  0.00084,  0.00000
  5.4839,   0.3871,   0.0000,  -0.0305,  1.41385,  1.41385,  0.00072,  0.00000
  5.4839,   0.4194,   0.0000,  -0.0305,  1.44910,  1.44910,  0.00056,  0.00000
  5.4839,   0.4516,   0.0000,  -0.0305,  1.47248,  1.47248,  0.00035,  0.00000
  5.4839,   0.4839,   0.0000,  -0.0305,  1.48413,  1.48413,  0.00012,  0.00000
  5.4839,   0.5161,   0.0000,  -0.0305,  1.48413,  1.48413, -0.00012,  0.00000
  5.4839,   0.5484,   0.0000,  -0.0305,  1.47248,  1.47248, -0.00035,  0.00000
  5.4839,   0.5806,   0.0000,  -0.0305,  1.44910,  1.44910, -0.00056,  0.00000
  5.4839,   0.6129,   0.0000,  -0.0305,  1.41385,  1.41385, -0.00072,  0.00000
  5.4839,   0.6452,   0.0000,  -0.0305,  1.36653,  1.36653, -0.00084,  0.00000
  5.4839,   0.6774,   0.0000,  -0.0305,  1.30689,  1.30689, -0.00090,  0.00000
  5.4839,   0.7097,   0.0000,  -0.0305,  1.23471,  1.23471, -0.00091,  0.00000
  5.4839,   0.7419,   0.0000,  -0.0305,  1.14976,  1.14976, -0.00086,  0.00000
  5.4839,   0.7742,   0.0000,  -0.0305,  1.05187,  1.05187, -0.00076,  0.00000
  5.4839,   0.8065,   0.0000,  -0.0305,  0.94091,  0.94091, -0.00064,  0.00000
  5.4839,   0.8387,   0.0000,  -0.0306,  0.81682,  0.81682, -0.00050,  0.00000
  5.4839,   0.8710,   0.0000,  -0.0306,  0.67958,  0.67958, -0.00035,  0.00000
  5.4839,   0.9032,   0.0000,  -0.0306,  0.52922,  0.52922, -0.00021,  0.00000
  5.4839,   0.9355,   0.0000,  -0.0306,  0.36579,  0.36579, -0.00010,  0.00000
  5.4839,   0.9677,   0.0000,  -0.0306,  0.18937,  0.18937, -0.00003,  0.00000
  5.4839,   1.0000,   0.0000,  -0.0306,  0.00000,  0.00000,  0.00000,  0.00000
  5.8065,   0.0000,   0.0000,  -0.0705,  0.00000,  0.00000,  0.00000,  0.00000
  5.8065,   0.0323,   0.0000,  -0.0705,  0.18891,  0.18891,  0.00002,  0.00000
  5.8065,   0.0645,   0.0000,  -0.0705,  0.36496,  0.36496,  0.00008,  0.00000
  5.8065,   0.0968,   0.0000,  -0.0705,  0.52811,  0.52811,  0.00017,  0.00000
  5.8065,   0.1290,   0.0000,  -0.0704,  0.67832,  0.67832,  0.00028,  0.00000
  5.8065,   0.1613,   0.0000,  -0.0704,  0.81553,  0.81553,  0.00040,  0.00000
  5.8065,   0.1935,   0.0000,  -0.0704,  0.93972,  0.93972,  0.00052,  0.00000
  5.8065,   0.2258,   0.0000,  -0.0704,  1.05090,  1.05090,  0.00062,  0.00000
  5.8065,   0.2581,   0.0000,  -0.0704,  1.14913,  1.14913,  0.00069,  0.00000
  5.8065,   0.2903,   0.0000,  -0.0704,  1.23451,  1.23451,  0.00073,  0.00000
  5.8065,   0.3226,   0.0000,  -0.0704,  1.30718,  1.30718,  0.00073,  0.00000
  5.8065,   0.3548,   0.0000,  -0.0704,  1.36732,  1.36732,  0.00068,  0.00000
  5.8065,   0.3871,   0.0000,  -0.0704,  1.41512,  1.41512,  0.00059,  0.00000
  5.8065,   0.4194,   0.0000,  -0.0704,  1.45077,  1.45077,  0.00045,  0.00000
  5.8065,   0.4516,   0.0000,  -0.0704,  1.47444,  1.47444,  0.00029,  0.00000
  5.8065,   0.4839,   0.0000,  -0.0704,  1.48625,  1.48625,  0.00010,  0.00000
  5.8065,   0.5161,   0.0000,  -0.0704,  1.48625,  1.48625, -0.00010,  0.00000
  5.8065,   0.5484,   0.0000,  -0.0704,  1.47444,  1.47444, -0.00029,  0.00000
  5.8065,   0.5806,   0.0000,  -0.0704,  1.45077,  1.45077, -0.00045,  0.00000
  5.8065,   0.6129,   0.0000,  -0.0704,  1.41512,  1.41512, -0.00059,  0.00000
  5.8065,   0.6452,   0.0000,  -0.0704,  1.36732,  1.36732, -0.00068,  0.00000
  5.8065,   0.6774,   0.0000,  -0.0704,  1.30718,  1.30718, -0.00073,  0.00000
  5.8065,   0.7097,   0.0000,  -0.0704,  1.23451,  1.23451, -0.00073,  0.00000
  5.8065,   0.7419,   0.0000,  -0.0704,  1.14913,  1.14913, -0.00069,  0.00000
  5.8065,   0.7742,   0.0000,  -0.0704,  1.05090,  1.05090, -0.00062,  0.00000
  5.8065,   0.8065,   0.0000,  -0.0704,  0.93972,  0.93972, -0.00052,  0.00000
  5.8065,   0.8387,   0.0000,  -0.0704,  0.81553,  0.81553, -0.00040,  0.00000
  5.8065,   0.8710,   0.0000,  -0.0704,  0.67832,  0.67832, -0.00028,  0.00000
  5.8065,   0.9032,   0.0000,  -0.0705,  0.52811,  0.52811, -0.00017,  0.00000
  5.8065,   0.9355,   0.0000,  -0.0705,  0.36496,  0.36496, -0.00008,  0.00000
  5.8065,   0.9677,   0.0000,  -0.0705,  0.18891,  0.18891, -0.00002,  0.00000
  5.8065,   1.0000,   0.0000,  -0.0705,  0.00000,  0.00000,  0.00000,  0.00000
  6.1290,   0.0000,   0.0000,  -0.1101,  0.00000,  0.00000,  0.00000,  0.00000
  6.1290,   0.0323,   0.0000,  -0.1101,  0.18853,  0.18853,  0.00002,  0.00000
  6.1290,   0.0645,   0.0000,  -0.1101,  0.36428,  0.36428,  0.00007,  0.00000
  6.1290,   0.0968,   0.0000,  -0.1101,  0.52722,  0.52722,  0.00014,  0.00000
  6.1290,   0.1290,   0.0000,  -0.1101,  0.67730,  0.67730,  0.00023,  0.00000
  6.1290,   0.1613,   0.0000,  -0.1101,  0.81448,  0.81448,  0.00033,  0.00000
  6.1290,   0.1935,   0.0000,  -0.1101,  0.93875,  0.93875,  0.00042,  0.00000
  6.1290,   0.2258,   0.0000,  -0.1101,  1.05011,  1.05011,  0.00050,  0.00000
  6.1290,   0.2581,   0.0000,  -0.1101,  1.14862,  1.14862,  0.00056,  0.00000
  6.1290,   0.2903,   0.0000,  -0.1101,  1.23435,  1.23435,  0.00059,  0.00000
  6.1290,   0.3226,   0.0000,  -0.1101,  1.30741,  1.30741,  0.00059,  0.00000
  6.1290,   0.3548,   0.0000,  -0.1101,  1.36796,  1.36796,  0.00055,  0.00000
  6.1290,   0.3871,   0.0000,  -0.1101,  1.41615,  1.41615,  0.00048,  0.00000
  6.1290,   0.4194,   0.0000,  -0.1100,  1.45213,  1.45213,  0.00037,  0.00000
  6.1290,   0.4516,   0.0000,  -0.1100,  1.47603,  1.47603,  0.00023,  0.00000
  6.1290,   0.4839,   0.0000,  -0.1100,  1.48796,  1.48796,  0.00008,  0.00000
  6.1290,   0.5161,   0.0000,  -0.1100,  1.48796,  1.48796, -0.00008,  0.00000
  6.1290,   0.5484,   0.0000,  -0.1100,  1.47603,  1.47603, -0.00023,  0.00000
  6.1290,   0.5806,   0.0000,  -0.1100,  1.45213,  1.45213, -0.00037,  0.00000
  6.1290,   0.6129,   0.0000,  -0.1101,  1.41615,  1.41615, -0.00048,  0.00000
  6.1290,   0.6452,   0.0000,  -0.1101,  1.36796,  1.36796, -0.00055,  0.00000
  6.1290,   0.6774,   0.0000,  -0.1101,  1.30741,  1.30741, -0.00059,  0.00000
  6.1290,   0.7097,   0.0000,  -0.1101,  1.23435,  1.23435, -0.00059,  0.00000
  6.1290,   0.7419,   0.0000,  -0.1101,  1.14862,  1.14862, -0.00056,  0.00000
  6.1290,   0.7742,   0.0000,  -0.1101,  1.05011,  1.05011, -0.00050,  0.00000
  6.1290,   0.8065,   0.0000,  -0.1101,  0.93875,  0.93875, -0.00042,  0.00000
  6.1290,   0.8387,   0.0000,  -0.1101,  0.81448,  0.81448, -0.00033,  0.00000
  6.1290,   0.8710,   0.0000,  -0.1101,  0.67729,  0.67729, -0.00023,  0.00000
  6.1290,   0.9032,   0.0000,  -0.1101,  0.52722,  0.52722, -0.00014,  0.00000
  6.1290,   0.9355,   0.0000,  -0.1101,  0.36428,  0.36428, -0.00007,  0.00000
  6.1290,   0.9677,   0.0000,  -0.1101,  0.18853,  0.18853, -0.00002,  0.00000
  6.1290,   1.0000,   0.0000,  -0.1101,  0.00000,  0.00000,  0.00000,  0.00000
  6.4516,   0.0000,   0.0000,  -0.1496,  0.00000,  0.00000,  0.00000,  0.00000
  6.4516,   0.0323,   0.0000,  -0.1496,  0.18823,  0.18823,  0.00002,  0.00000
  6.4516,   0.0645,   0.0000,  -0.1496,  0.36373,  0.36373,  0.00006,  0.00000
  6.4516,   0.0968,   0.0000,  -0.1496,  0.52649,  0.52649,  0.00011,  0.00000
  6.4516,   0.1290,   0.0000,  -0.1496,  0.67647,  0.67647,  0.00019,  0.00000
  6.4516,   0.1613,   0.0000,  -0.1496,  0.81363,  0.81363,  0.00026,  0.00000
  6.4516,   0.1935,   0.0000,  -0.1496,  0.93796,  0.93796,  0.00034,  0.00000
  6.4516,   0.2258,   0.0000,  -0.1495,  1.04947,  1.04947,  0.00041,  0.00000
  6.4516,   0.2581,   0.0000,  -0.1495,  1.14820,  1.14820,  0.00046,  0.00000
  6.4516,   0.2903,   0.0000,  -0.1495,  1.23422,  1.23422,  0.00048,  0.00000
  6.4516,   0.3226,   0.0000,  -0.1495,  1.30760,  1.30760,  0.00048,  0.00000
  6.4516,   0.3548,   0.0000,  -0.1495,  1.36848,  1.36848,  0.00045,  0.00000
  6.4516,   0.3871,   0.0000,  -0.1495,  1.41698,  1.41698,  0.00039,  0.00000
  6.4516,   0.4194,   0.0000,  -0.1495,  1.45322,  1.45322,  0.00030,  0.00000
  6.4516,   0.4516,   0.0000,  -0.1495,  1.47732,  1.47732,  0.00019,  0.00000
  6.4516,   0.4839,   0.0000,  -0.1495,  1.48935,  1.48935,  0.00006,  0.00000
  6.4516,   0.5161,   0.0000,  -0.1495,  1.48935,  1.48935, -0.00006,  0.00000
  6.4516,   0.5484,   0.0000,  -0.1495,  1.47732,  1.47732, -0.00019,  0.00000
  6.4516,   0.5806,   0.0000,  -0.1495,  1.45322,  1.45322, -0.00030,  0.00000
  6.4516,   0.6129,   0.0000,  -0.1495,  1.41698,  1.41698, -0.00039,  0.00000
  6.4516,   0.6452,   0.0000,  -0.1495,  1.36848,  1.36848, -0.00045,  0.00000
  6.4516,   0.6774,   0.0000,  -0.1495,  1.30760,  1.30760, -0.00048,  0.00000
  6.4516,   0.7097,   0.0000,  -0.1495,  1.23422,  1.23422, -0.00048,  0.00000
  6.4516,   0.7419,   0.0000,  -0.1495,  1.14820,  1.14820, -0.00046,  0.00000
  6.4516,   0.7742,   0.0000,  -0.1495,  1.04947,  1.04947, -0.00041,  0.00000
  6.4516,   0.8065,   0.0000,  -0.1496,  0.93796,  0.93796, -0.00034,  0.00000
  6.4516,   0.8387,   0.0000,  -0.1496,  0.81363,  0.81363, -0.00026,  0.00000
  6.4516,   0.8710,   0.0000,  -0.1496,  0.67647,  0.67647, -0.00019,  0.00000
  6.4516,   0.9032,   0.0000,  -0.1496,  0.52649,  0.52649, -0.00011,  0.00000
  6.4516,   0.9355,   0.0000,  -0.1496,  0.36373,  0.36373, -0.00006,  0.00000
  6.4516,   0.9677,   0.0000,  -0.1496,  0.18823,  0.18823, -0.00002,  0.00000
  6.4516,   1.0000,   0.0000,  -0.1496,  0.00000,  0.00000,  0.00000,  0.00000
  6.7742,   0.0000,   0.0000,  -0.1889,  0.00000,  0.00000,  0.00000,  0.00000
  6.7742,   0.0323,   0.0000,  -0.1889,  0.18798,  0.18798,  0.00001,  0.00000
  6.7742,   0.0645,   0.0000,  -0.1889,  0.36329,  0.36329,  0.00004,  0.00000
  6.7742,   0.0968,   0.0000,  -0.1889,  0.52590,  0.52590,  0.00009,  0.00000
  6.7742,   0.1290,   0.0000,  -0.1889,  0.67579,  0.67579,  0.00015,  0.00000
  6.7742,   0.1613,   0.0000,  -0.1889,  0.81294,  0.81294,  0.00021,  0.00000
  6.7742,   0.1935,   0.0000,  -0.1889,  0.93732,  0.93732,  0.00028,  0.00000
  6.7742,   0.2258,   0.0000,  -0.1889,  1.04896,  1.04896,  0.00033,  0.00000
  6.7742,   0.2581,   0.0000,  -0.1889,  1.14787,  1.14787,  0.00037,  0.00000
  6.7742,   0.2903,   0.0000,  -0.1888,  1.23411,  1.23411,  0.00039,  0.00000
  6.7742,   0.3226,   0.0000,  -0.1888,  1.30775,  1.30775,  0.00039,  0.00000
  6.7742,   0.3548,   0.0000,  -0.1888,  1.36890,  1.36890,  0.00036,  0.00000
  6.7742,   0.3871,   0.0000,  -0.1888,  1.41765,  1.41765,  0.00031,  0.00000
  6.7742,   0.4194,   0.0000,  -0.1888,  1.45411,  1.45411,  0.00024,  0.00000
  6.7742,   0.4516,   0.0000,  -0.1888,  1.47836,  1.47836,  0.00015,  0.00000
  6.7742,   0.4839,   0.0000,  -0.1888,  1.49047,  1.49047,  0.00005,  0.00000
  6.7742,   0.5161,   0.0000,  -0.1888,  1.49047,  1.49047, -0.00005,  0.00000
  6.7742,   0.5484,   0.0000,  -0.1888,  1.47836,  1.47836, -0.00015,  0.00000
  6.7742,   0.5806,   0.0000,  -0.1888,  1.45411,  1.45411, -0.00024,  0.00000
  6.7742,   0.6129,   0.0000,  -0.1888,  1.41765,  1.41765, -0.00031,  0.00000
  6.7742,   0.6452,   0.0000,  -0.1888,  1.36890,  1.36890, -0.00036,  0.00000
  6.7742,   0.6774,   0.0000,  -0.1888,  1.30776,  1.30776, -0.00039,  0.00000
  6.7742,   0.7097,   0.0000,  -0.1888,  1.23411,  1.23411, -0.00039,  0.00000
  6.7742,   0.7419,   0.0000,  -0.1889,  1.14787,  1.14787, -0.00037,  0.00000
  6.7742,   0.7742,   0.0000,  -0.1889,  1.04896,  1.04896, -0.00033,  0.00000
  6.7742,   0.8065,   0.0000,  -0.1889,  0.93732,  0.93732, -0.00028,  0.00000
  6.7742,   0.8387,   0.0000,  -0.1889,  0.81294,  0.81294, -0.00021,  0.00000
  6.7742,   0.8710,   0.0000,  -0.1889,  0.67579,  0.67579, -0.00015,  0.00000
  6.7742,   0.9032,   0.0000,  -0.1889,  0.52590,  0.52590, -0.00009,  0.00000
  6.7742,   0.9355,   0.0000,  -0.1889,  0.36329,  0.36329, -0.00004,  0.00000
  6.7742,   0.9677,   0.0000,  -0.1889,  0.18798,  0.18798, -0.00001,  0.00000
  6.7742,   1.0000,   0.0000,  -0.1889,  0.00000,  0.00000,  0.00000,  0.00000
  7.0968,   0.0000,   0.0000,  -0.2281,  0.00000,  0.00000,  0.00000,  0.00000
  7.0968,   0.0323,   0.0000,  -0.2281,  0.18778,  0.18778,  0.00001,  0.00000
  7.0968,   0.0645,   0.0000,  -0.2281,  0.36293,  0.36293,  0.00004,  0.00000
  7.0968,   0.0968,   0.0000,  -0.2280,  0.52542,  0.52542,  0.00008,  0.00000
  7.0968,   0.1290,   0.0000,  -0.2280,  0.67525,  0.67525,  0.00012,  0.00000
  7.0968,   0.1613,   0.0000,  -0.2280,  0.81238,  0.81238,  0.00017,  0.00000
  7.0968,   0.1935,   0.0000,  -0.2280,  0.93681,  0.93681,  0.00022,  0.00000
  7.0968,   0.2258,   0.0000,  -0.2280,  1.04854,  1.04854,  0.00027,  0.00000
  7.0968,   0.2581,   0.0000,  -0.2280,  1.14759,  1.14759,  0.00030,  0.00000
  7.0968,   0.2903,   0.0000,  -0.2280,  1.23402,  1.23402,  0.00032,  0.00000
  7.0968,   0.3226,   0.0000,  -0.2280,  1.30788,  1.30788,  0.00032,  0.00000
  7.0968,   0.3548,   0.0000,  -0.2280,  1.36924,  1.36924,  0.00029,  0.00000
  7.0968,   0.3871,   0.0000,  -0.2280,  1.41820,  1.41820,  0.00025,  0.00000
  7.0968,   0.4194,   0.0000,  -0.2280,  1.45483,  1.45483,  0.00020,  0.00000
  7.0968,   0.4516,   0.0000,  -0.2280,  1.47921,  1.47921,  0.00012,  0.00000
  7.0968,   0.4839,   0.0000,  -0.2280,  1.49139,  1.49139,  0.00004,  0.00000
  7.0968,   0.5161,   0.0000,  -0.2280,  1.49139,  1.49139, -0.00004,  0.00000
  7.0968,   0.5484,   0.0000,  -0.2280,  1.47921,  1.47921, -0.00012,  0.00000
  7.0968,   0.5806,   0.0000,  -0.2280,  1.45483,  1.45483, -0.00020,  0.00000
  7.0968,   0.6129,   0.0000,  -0.2280,  1.41820,  1.41820, -0.00025,  0.00000
  7.0968,   0.6452,   0.0000,  -0.2280,  1.36924,  1.36924, -0.00029,  0.00000
  7.0968,   0.6774,   0.0000,  -0.2280,  1.30788,  1.30788, -0.00032,  0.00000
  7.0968,   0.7097,   0.0000,  -0.2280,  1.23402,  1.23402, -0.00032,  0.00000
  7.0968,   0.7419,   0.0000,  -0.2280,  1.14759,  1.14759, -0.00030,  0.00000
  7.0968,   0.7742,   0.0000,  -0.2280,  1.04854,  1.04854, -0.00027,  0.00000
  7.0968,   0.8065,   0.0000,  -0.2280,  0.93681,  0.93681, -0.00022,  0.00000
  7.0968,   0.8387,   0.0000,  -0.2280,  0.81238,  0.81238, -0.00017,  0.00000
  7.0968,   0.8710,   0.0000,  -0.2280,  0.67525,  0.67525, -0.00012,  0.00000
  7.0968,   0.9032,   0.0000,  -0.2280,  0.52542,  0.52542, -0.00008,  0.00000
  7.0968,   0.9355,   0.0000,  -0.2281,  0.36293,  0.36293, -0.00004,  0.00000
  7.0968,   0.9677,   0.0000,  -0.2281,  0.18778,  0.18778, -0.00001,  0.00000
  7.0968,   1.0000,   0.0000,  -0.2281,  0.00000,  0.00000,  0.00000,  0.00000
  7.4194,   0.0000,   0.0000,  -0.2671,  0.00000,  0.00000,  0.00000,  0.00000
  7.4194,   0.0323,   0.0000,  -0.2671,  0.18762,  0.18762,  0.00001,  0.00000
  7.4194,   0.0645,   0.0000,  -0.2671,  0.36263,  0.36263,  0.00003,  0.00000
  7.4194,   0.0968,   0.0000,  -0.2671,  0.52504,  0.52504,  0.00006,  0.00000
  7.4194,   0.1290,   0.0000,  -0.2671,  0.67481,  0.67481,  0.00010,  0.00000
  7.4194,   0.1613,   0.0000,  -0.2671,  0.81192,  0.81192,  0.00014,  0.00000
  7.4194,   0.1935,   0.0000,  -0.2671,  0.93639,  0.93639,  0.00018,  0.00000
  7.4194,   0.2258,   0.0000,  -0.2671,  1.04820,  1.04820,  0.00022,  0.00000
  7.4194,   0.2581,   0.0000,  -0.2671,  1.14737,  1.14737,  0.00024,  0.00000
  7.4194,   0.2903,   0.0000,  -0.2671,  1.23395,  1.23395,  0.00026,  0.00000
  7.4194,   0.3226,   0.0000,  -0.2671,  1.30798,  1.30798,  0.00026,  0.00000
  7.4194,   0.3548,   0.0000,  -0.2671,  1.36952,  1.36952,  0.00024,  0.00000
  7.4194,   0.3871,   0.0000,  -0.2671,  1.41865,  1.41865,  0.00021,  0.00000
  7.4194,   0.4194,   0.0000,  -0.2671,  1.45542,  1.45542,  0.00016,  0.00000
  7.4194,   0.4516,   0.0000,  -0.2671,  1.47990,  1.47990,  0.00010,  0.00000
  7.4194,   0.4839,   0.0000,  -0.2671,  1.49213,  1.49213,  0.00003,  0.00000
  7.4194,   0.5161,   0.0000,  -0.2671,  1.49213,  1.49213, -0.00003,  0.00000
  7.4194,   0.5484,   0.0000,  -0.2671,  1.47990,  1.47990, -0.00010,  0.00000
  7.4194,   0.5806,   0.0000,  -0.2671,  1.45542,  1.45542, -0.00016,  0.00000
  7.4194,   0.6129,   0.0000,  -0.2671,  1.41865,  1.41865, -0.00021,  0.00000
  7.4194,   0.6452,   0.0000,  -0.2671,  1.36952,  1.36952, -0.00024,  0.00000
  7.4194,   0.6774,   0.0000,  -0.2671,  1.30798,  1.30798, -0.00026,  0.00000
  7.4194,   0.7097,   0.0000,  -0.2671,  1.23395,  1.23395, -0.00026,  0.00000
  7.4194,   0.7419,   0.0000,  -0.2671,  1.14737,  1.14737, -0.00024,  0.00000
  7.4194,   0.7742,   0.0000,  -0.2671,  1.04820,  1.04820, -0.00022,  0.00000
  7.4194,   0.8065,   0.0000,  -0.2671,  0.93639,  0.93639, -0.00018,  0.00000
  7.4194,   0.8387,   0.0000,  -0.2671,  0.81192,  0.81192, -0.00014,  0.00000
  7.4194,   0.8710,   0.0000,  -0.2671,  0.67480,  0.67480, -0.00010,  0.00000
  7.4194,   0.9032,   0.0000,  -0.2671,  0.52504,  0.52504, -0.00006,  0.00000
  7.4194,   0.9355,   0.0000,  -0.2671,  0.36263,  0.36263, -0.00003,  0.00000
  7.4194,   0.9677,   0.0000,  -0.2671,  0.18762,  0.18762, -0.00001,  0.00000
  7.4194,   1.0000,   0.0000,  -0.2671,  0.00000,  0.00000,  0.00000,  0.00000
  7.7419,   0.0000,   0.0000,  -0.3061,  0.00000,  0.00000,  0.00000,  0.00000
  7.7419,   0.0323,   0.0000,  -0.3061,  0.18749,  0.18749,  0.00001,  0.00000
  7.7419,   0.0645,   0.0000,  -0.3061,  0.36240,  0.36240,  0.00002,  0.00000
  7.7419,   0.0968,   0.0000,  -0.3061,  0.52472,  0.52472,  0.00005,  0.00000
  7.7419,   0.1290,   0.0000,  -0.3061,  0.67445,  0.67445,  0.00008,  0.00000
  7.7419,   0.1613,   0.0000,  -0.3061,  0.81156,  0.81156,  0.00011,  0.00000
  7.7419,   0.1935,   0.0000,  -0.3061,  0.93605,  0.93605,  0.00015,  0.00000
  7.7419,   0.2258,   0.0000,  -0.3061,  1.04792,  1.04792,  0.00018,  0.00000
  7.7419,   0.2581,   0.0000,  -0.3061,  1.14719,  1.14719,  0.00020,  0.00000
  7.7419,   0.2903,   0.0000,  -0.3061,  1.23389,  1.23389,  0.00021,  0.00000
  7.7419,   0.3226,   0.0000,  -0.3061,  1.30806,  1.30806,  0.00021,  0.00000
  7.7419,   0.3548,   0.0000,  -0.3061,  1.36975,  1.36975,  0.00019,  0.00000
  7.7419,   0.3871,   0.0000,  -0.3061,  1.41901,  1.41901,  0.00017,  0.00000
  7.7419,   0.4194,   0.0000,  -0.3061,  1.45590,  1.45590,  0.00013,  0.00000
  7.7419,   0.4516,   0.0000,  -0.3061,  1.48046,  1.48046,  0.00008,  0.00000
  7.7419,   0.4839,   0.0000,  -0.3061,  1.49273,  1.49273,  0.00003,  0.00000
  7.7419,   0.5161,   0.0000,  -0.3061,  1.49273,  1.49273, -0.00003,  0.00000
  7.7419,   0.5484,   0.0000,  -0.3061,  1.48046,  1.48046, -0.00008,  0.00000
  7.7419,   0.5806,   0.0000,  -0.3061,  1.45590,  1.45590, -0.00013,  0.00000
  7.7419,   0.6129,   0.0000,  -0.3061,  1.41901,  1.41901, -0.00017,  0.00000
  7.7419,   0.6452,   0.0000,  -0.3061,  1.36975,  1.36975, -0.00019,  0.00000
  7.7419,   0.6774,   0.0000,  -0.3061,  1.30806,  1.30806, -0.00021,  0.00000
  7.7419,   0.7097,   0.0000,  -0.3061,  1.23389,  1.23389, -0.00021,  0.00000
  7.7419,   0.7419,   0.0000,  -0.3061,  1.14719,  1.14719, -0.00020,  0.00000
  7.7419,   0.7742,   0.0000,  -0.3061,  1.04792,  1.04792, -0.00018,  0.00000
  7.7419,   0.8065,   0.0000,  -0.3061,  0.93605,  0.93605, -0.00015,  0.00000
  7.7419,   0.8387,   0.0000,  -0.3061,  0.81156,  0.81156, -0.00011,  0.00000
  7.7419,   0.8710,   0.0000,  -0.3061,  0.67445,  0.67445, -0.00008,  0.00000
  7.7419,   0.9032,   0.0000,  -0.3061,  0.52472,  0.52472, -0.00005,  0.00000
  7.7419,   0.9355,   0.0000,  -0.3061,  0.36240,  0.36240, -0.00002,  0.00000
  7.7419,   0.9677,   0.0000,  -0.3061,  0.18748,  0.18748, -0.00001,  0.00000
  7.7419,   1.0000,   0.0000,  -0.3061,  0.00000,  0.00000,  0.00000,  0.00000
  8.0645,   0.0000,   0.0000,  -0.3450,  0.00000,  0.00000,  0.00000,  0.00000
  8.0645,   0.0323,   0.0000,  -0.3450,  0.18738,  0.18738,  0.00001,  0.00000
  8.0645,   0.0645,   0.0000,  -0.3450,  0.36220,  0.36220,  0.00002,  0.00000
  8.0645,   0.0968,   0.0000,  -0.3450,  0.52447,  0.52447,  0.00004,  0.00000
  8.0645,   0.1290,   0.0000,  -0.3450,  0.67415,  0.67415,  0.00007,  0.00000
  8.0645,   0.1613,   0.0000,  -0.3450,  0.81126,  0.81126,  0.00009,  0.00000
  8.0645,   0.1935,   0.0000,  -0.3450,  0.93577,  0.93577,  0.00012,  0.00000
  8.0645,   0.2258,   0.0000,  -0.3450,  1.04770,  1.04770,  0.00014,  0.00000
  8.0645,   0.2581,   0.0000,  -0.3450,  1.14705,  1.14705,  0.00016,  0.00000
  8.0645,   0.2903,   0.0000,  -0.3450,  1.23385,  1.23385,  0.00017,  0.00000
  8.0645,   0.3226,   0.0000,  -0.3450,  1.30813,  1.30813,  0.00017,  0.00000
  8.0645,   0.3548,   0.0000,  -0.3450,  1.36993,  1.36993,  0.00016,  0.00000
  8.0645,   0.3871,   0.0000,  -0.3450,  1.41930,  1.41930,  0.00014,  0.00000
  8.0645,   0.4194,   0.0000,  -0.3450,  1.45628,  1.45628,  0.00010,  0.00000
  8.0645,   0.4516,   0.0000,  -0.3450,  1.48091,  1.48091,  0.00007,  0.00000
  8.0645,   0.4839,   0.0000,  -0.3450,  1.49322,  1.49322,  0.00002,  0.00000
  8.0645,   0.5161,   0.0000,  -0.3450,  1.49322,  1.49322, -0.00002,  0.00000
  8.0645,   0.5484,   0.0000,  -0.3450,  1.48091,  1.48091, -0.00007,  0.00000
  8.0645,   0.5806,   0.0000,  -0.3450,  1.45628,  1.45628, -0.00010,  0.00000
  8.0645,   0.6129,   0.0000,  -0.3450,  1.41930,  1.41930, -0.00014,  0.00000
  8.0645,   0.6452,   0.0000,  -0.3450,  1.36993,  1.36993, -0.00016,  0.00000
  8.0645,   0.6774,   0.0000,  -0.3450,  1.30813,  1.30813, -0.00017,  0.00000
  8.0645,   0.7097,   0.0000,  -0.3450,  1.23385,  1.23385, -0.00017,  0.00000
  8.0645,   0.7419,   0.0000,  -0.3450,  1.14705,  1.14705, -0.00016,  0.00000
  8.0645,   0.7742,   0.0000,  -0.3450,  1.04770,  1.04770, -0.00014,  0.00000
  8.0645,   0.8065,   0.0000,  -0.3450,  0.93577,  0.93577, -0.00012,  0.00000
  8.0645,   0.8387,   0.0000,  -0.3450,  0.81126,  0.81126, -0.00009,  0.00000
  8.0645,   0.8710,   0.0000,  -0.3450,  0.67415,  0.67415, -0.00007,  0.00000
  8.0645,   0.9032,   0.0000,  -0.3450,  0.52447,  0.52447, -0.00004,  0.00000
  8.0645,   0.9355,   0.0000,  -0.3450,  0.36220,  0.36220, -0.00002,  0.00000
  8.0645,   0.9677,   0.0000,  -0.3450,  0.18738,  0.18738, -0.00001,  0.00000
  8.0645,   1.0000,   0.0000,  -0.3450,  0.00000,  0.00000,  0.00000,  0.00000
  8.3871,   0.0000,   0.0000,  -0.3839,  0.00000,  0.00000,  0.00000,  0.00000
  8.3871,   0.0323,   0.0000,  -0.3839,  0.18729,  0.18729,  0.00000,  0.00000
  8.3871,   0.0645,   0.0000,  -0.3839,  0.36205,  0.36205,  0.00002,  0.00000
  8.3871,   0.0968,   0.0000,  -0.3839,  0.52426,  0.52426,  0.00003,  0.00000
  8.3871,   0.1290,   0.0000,  -0.3839,  0.67392,  0.67392,  0.00005,  0.00000
  8.3871,   0.1613,   0.0000,  -0.3839,  0.81101,  0.81101,  0.00008,  0.00000
  8.3871,   0.1935,   0.0000,  -0.3839,  0.93555,  0.93555,  0.00010,  0.00000
  8.3871,   0.2258,   0.0000,  -0.3839,  1.04751,  1.04751,  0.00012,  0.00000
  8.3871,   0.2581,   0.0000,  -0.3839,  1.14693,  1.14693,  0.00013,  0.00000
  8.3871,   0.2903,   0.0000,  -0.3839,  1.23381,  1.23381,  0.00014,  0.00000
  8.3871,   0.3226,   0.0000,  -0.3839,  1.30818,  1.30818,  0.00014,  0.00000
  8.3871,   0.3548,   0.0000,  -0.3839,  1.37008,  1.37008,  0.00013,  0.00000
  8.3871,   0.3871,   0.0000,  -0.3839,  1.41954,  1.41954,  0.00011,  0.00000
  8.3871,   0.4194,   0.0000,  -0.3839,  1.45659,  1.45659,  0.00008,  0.00000
  8.3871,   0.4516,   0.0000,  -0.3839,  1.48128,  1.48128,  0.00005,  0.00000
  8.3871,   0.4839,   0.0000,  -0.3839,  1.49362,  1.49362,  0.00002,  0.00000
  8.3871,   0.5161,   0.0000,  -0.3839,  1.49362,  1.49362, -0.00002,  0.00000
  8.3871,   0.5484,   0.0000,  -0.3839,  1.48128,  1.48128, -0.00005,  0.00000
  8.3871,   0.5806,   0.0000,  -0.3839,  1.45659,  1.45659, -0.00008,  0.00000
  8.3871,   0.6129,   0.0000,  -0.3839,  1.41954,  1.41954, -0.00011,  0.00000
  8.3871,   0.6452,   0.0000,  -0.3839,  1.37008,  1.37008, -0.00013,  0.00000
  8.3871,   0.6774,   0.0000,  -0.3839,  1.30818,  1.30818, -0.00014,  0.00000
  8.3871,   0.7097,   0.0000,  -0.3839,  1.23381,  1.23381, -0.00014,  0.00000
  8.3871,   0.7419,   0.0000,  -0.3839,  1.14693,  1.14693, -0.00013,  0.00000
  8.3871,   0.7742,   0.0000,  -0.3839,  1.04751,  1.04751, -0.00012,  0.00000
  8.3871,   0.8065,   0.0000,  -0.3839,  0.93555,  0.93555, -0.00010,  0.00000
  8.3871,   0.8387,   0.0000,  -0.3839,  0.81102,  0.81102, -0.00008,  0.00000
  8.3871,   0.8710,   0.0000,  -0.3839,  0.67392,  0.67392, -0.00005,  0.00000
  8.3871,   0.9032,   0.0000,  -0.3839,  0.52426,  0.52426, -0.00003,  0.00000
  8.3871,   0.9355,   0.0000,  -0.3839,  0.36205,  0.36205, -0.00002,  0.00000
  8.3871,   0.9677,   0.0000,  -0.3839,  0.18729,  0.18729, -0.00000,  0.00000
  8.3871,   1.0000,   0.0000,  -0.3839,  0.00000,  0.00000,  0.00000,  0.00000
  8.7097,   0.0000,   0.0000,  -0.4227,  0.00000,  0.00000,  0.00000,  0.00000
  8.7097,   0.0323,   0.0000,  -0.4227,  0.18722,  0.18722,  0.00000,  0.00000
  8.7097,   0.0645,   0.0000,  -0.4227,  0.36192,  0.36192,  0.00001,  0.00000
  8.7097,   0.0968,   0.0000,  -0.4227,  0.52409,  0.52409,  0.00003,  0.00000
  8.7097,   0.1290,   0.0000,  -0.4227,  0.67373,  0.67373,  0.00004,  0.00000
  8.7097,   0.1613,   0.0000,  -0.4227,  0.81082,  0.81082,  0.00006,  0.00000
  8.7097,   0.1935,   0.0000,  -0.4227,  0.93536,  0.93536,  0.00008,  0.00000
  8.7097,   0.2258,   0.0000,  -0.4227,  1.04737,  1.04737,  0.00009,  0.00000
  8.7097,   0.2581,   0.0000,  -0.4227,  1.14683,  1.14683,  0.00011,  0.00000
  8.7097,   0.2903,   0.0000,  -0.4227,  1.23378,  1.23378,  0.00011,  0.00000
  8.7097,   0.3226,   0.0000,  -0.4227,  1.30822,  1.30822,  0.00011,  0.00000
  8.7097,   0.3548,   0.0000,  -0.4227,  1.37020,  1.37020,  0.00010,  0.00000
  8.7097,   0.3871,   0.0000,  -0.4227,  1.41973,  1.41973,  0.00009,  0.00000
  8.7097,   0.4194,   0.0000,  -0.4227,  1.45685,  1.45685,  0.00007,  0.00000
  8.7097,   0.4516,   0.0000,  -0.4227,  1.48158,  1.48158,  0.00004,  0.00000
  8.7097,   0.4839,   0.0000,  -0.4227,  1.49394,  1.49394,  0.00001,  0.00000
  8.7097,   0.5161,   0.0000,  -0.4227,  1.49394,  1.49394, -0.00001,  0.00000
  8.7097,   0.5484,   0.0000,  -0.4227,  1.48158,  1.48158, -0.00004,  0.00000
  8.7097,   0.5806,   0.0000,  -0.4227,  1.45685,  1.45685, -0.00007,  0.00000
  8.7097,   0.6129,   0.0000,  -0.4227,  1.41973,  1.41973, -0.00009,  0.00000
  8.7097,   0.6452,   0.0000,  -0.4227,  1.37020,  1.37020, -0.00010,  0.00000
  8.7097,   0.6774,   0.0000,  -0.4227,  1.30822,  1.30822, -0.00011,  0.00000
  8.7097,   0.7097,   0.0000,  -0.4227,  1.23378,  1.23378, -0.00011,  0.00000
  8.7097,   0.7419,   0.0000,  -0.4227,  1.14683,  1.14683, -0.00011,  0.00000
  8.7097,   0.7742,   0.0000,  -0.4227,  1.04737,  1.04737, -0.00009,  0.00000
  8.7097,   0.8065,   0.0000,  -0.4227,  0.93536,  0.93536, -0.00008,  0.00000
  8.7097,   0.8387,   0.0000,  -0.4227,  0.81082,  0.81082, -0.00006,  0.00000
  8.7097,   0.8710,   0.0000,  -0.4227,  0.67373,  0.67373, -0.00004,  0.00000
  8.7097,   0.9032,   0.0000,  -0.4227,  0.52409,  0.52409, -0.00003,  0.00000
  8.7097,   0.9355,   0.0000,  -0.4227,  0.36192,  0.36192, -0.00001,  0.00000
  8.7097,   0.9677,   0.0000,  -0.4227,  0.18722,  0.18722, -0.00000,  0.00000
  8.7097,   1.0000,   0.0000,  -0.4227,  0.00000,  0.00000,  0.00000,  0.00000
  9.0323,   0.0000,   0.0000,  -0.4615,  0.00000,  0.00000,  0.00000,  0.00000
  9.0323,   0.0323,   0.0000,  -0.4615,  0.18716,  0.18716,  0.00000,  0.00000
  9.0323,   0.0645,   0.0000,  -0.4615,  0.36182,  0.36182,  0.00001,  0.00000
  9.0323,   0.0968,   0.0000,  -0.4615,  0.52395,  0.52395,  0.00002,  0.00000
  9.0323,   0.1290,   0.0000,  -0.4615,  0.67357,  0.67357,  0.00003,  0.00000
  9.0323,   0.1613,   0.0000,  -0.4615,  0.81066,  0.81066,  0.00005,  0.00000
  9.0323,   0.1935,   0.0000,  -0.4615,  0.93522,  0.93522,  0.00006,  0.00000
  9.0323,   0.2258,   0.0000,  -0.4615,  1.04725,  1.04725,  0.00008,  0.00000
  9.0323,   0.2581,   0.0000,  -0.4615,  1.14675,  1.14675,  0.00009,  0.00000
  9.0323,   0.2903,   0.0000,  -0.4615,  1.23375,  1.23375,  0.00009,  0.00000
  9.0323,   0.3226,   0.0000,  -0.4615,  1.30826,  1.30826,  0.00009,  0.00000
  9.0323,   0.3548,   0.0000,  -0.4615,  1.37030,  1.37030,  0.00008,  0.00000
  9.0323,   0.3871,   0.0000,  -0.4615,  1.41989,  1.41989,  0.00007,  0.00000
  9.0323,   0.4194,   0.0000,  -0.4615,  1.45705,  1.45705,  0.00006,  0.00000
  9.0323,   0.4516,   0.0000,  -0.4615,  1.48182,  1.48182,  0.00003,  0.00000
  9.0323,   0.4839,   0.0000,  -0.4615,  1.49420,  1.49420,  0.00001,  0.00000
  9.0323,   0.5161,   0.0000,  -0.4615,  1.49420,  1.49420, -0.00001,  0.00000
  9.0323,   0.5484,   0.0000,  -0.4615,  1.48182,  1.48182, -0.00003,  0.00000
  9.0323,   0.5806,   0.0000,  -0.4615,  1.45705,  1.45705, -0.00006,  0.00000
  9.0323,   0.6129,   0.0000,  -0.4615,  1.41989,  1.41989, -0.00007,  0.00000
  9.0323,   0.6452,   0.0000,  -0.4615,  1.37030,  1.37030, -0.00008,  0.00000
  9.0323,   0.6774,   0.0000,  -0.4615,  1.30826,  1.30826, -0.00009,  0.00000
  9.0323,   0.7097,   0.0000,  -0.4615,  1.23375,  1.23375, -0.00009,  0.00000
  9.0323,   0.7419,   0.0000,  -0.4615,  1.14675,  1.14675, -0.00009,  0.00000
  9.0323,   0.7742,   0.0000,  -0.4615,  1.04725,  1.04725, -0.00008,  0.00000
  9.0323,   0.8065,   0.0000,  -0.4615,  0.93522,  0.93522, -0.00006,  0.00000
  9.0323,   0.8387,   0.0000,  -0.4615,  0.81066,  0.81066, -0.00005,  0.00000
  9.0323,   0.8710,   0.0000,  -0.4615,  0.67357,  0.67357, -0.00003,  0.00000
  9.0323,   0.9032,   0.0000,  -0.4615,  0.52395,  0.52395, -0.00002,  0.00000
  9.0323,   0.9355,   0.0000,  -0.4615,  0.36182,  0.36182, -0.00001,  0.00000
  9.0323,   0.9677,   0.0000,  -0.4615,  0.18716,  0.18716, -0.00000,  0.00000
  9.0323,   1.0000,   0.0000,  -0.4615,  0.00000,  0.00000,  0.00000,  0.00000
  9.3548,   0.0000,   0.0000,  -0.5003,  0.00000,  0.00000,  0.00000,  0.00000
  9.3548,   0.0323,   0.0000,  -0.5003,  0.18712,  0.18712,  0.00000,  0.00000
  9.3548,   0.0645,   0.0000,  -0.5003,  0.36173,  0.36173,  0.00001,  0.00000
  9.3548,   0.0968,   0.0000,  -0.5003,  0.52385,  0.52385,  0.00002,  0.00000
  9.3548,   0.1290,   0.0000,  -0.5003,  0.67345,  0.67345,  0.00003,  0.00000
  9.3548,   0.1613,   0.0000,  -0.5003,  0.81053,  0.81053,  0.00004,  0.00000
  9.3548,   0.1935,   0.0000,  -0.5003,  0.93510,  0.93510,  0.00005,  0.00000
  9.3548,   0.2258,   0.0000,  -0.5003,  1.04715,  1.04715,  0.00006,  0.00000
  9.3548,   0.2581,   0.0000,  -0.5003,  1.14669,  1.14669,  0.00006,  0.00000
  9.3548,   0.2903,   0.0000,  -0.5003,  1.23373,  1.23373,  0.00007,  0.00000
  9.3548,   0.3226,   0.0000,  -0.5003,  1.30829,  1.30829,  0.00007,  0.00000
  9.3548,   0.3548,   0.0000,  -0.5003,  1.37037,  1.37037,  0.00006,  0.00000
  9.3548,   0.3871,   0.0000,  -0.5003,  1.42001,  1.42001,  0.00005,  0.00000
  9.3548,   0.4194,   0.0000,  -0.5003,  1.45722,  1.45722,  0.00004,  0.00000
  9.3548,   0.4516,   0.0000,  -0.5003,  1.48201,  1.48201,  0.00003,  0.00000
  9.3548,   0.4839,   0.0000,  -0.5003,  1.49441,  1.49441,  0.00001,  0.00000
  9.3548,   0.5161,   0.0000,  -0.5003,  1.49441,  1.49441, -0.00001,  0.00000
  9.3548,   0.5484,   0.0000,  -0.5003,  1.48201,  1.48201, -0.00003,  0.00000
  9.3548,   0.5806,   0.0000,  -0.5003,  1.45722,  1.45722, -0.00004,  0.00000
  9.3548,   0.6129,   0.0000,  -0.5003,  1.42001,  1.42001, -0.00005,  0.00000
  9.3548,   0.6452,   0.0000,  -0.5003,  1.37037,  1.37037, -0.00006,  0.00000
  9.3548,   0.6774,   0.0000,  -0.5003,  1.30829,  1.30829, -0.00007,  0.00000
  9.3548,   0.7097,   0.0000,  -0.5003,  1.23373,  1.23373, -0.00007,  0.00000
  9.3548,   0.7419,   0.0000,  -0.5003,  1.14669,  1.14669, -0.00006,  0.00000
  9.3548,   0.7742,   0.0000,  -0.5003,  1.04715,  1.04715, -0.00006,  0.00000
  9.3548,   0.8065,   0.0000,  -0.5003,  0.93510,  0.93510, -0.00005,  0.00000
  9.3548,   0.8387,   0.0000,  -0.5003,  0.81053,  0.81053, -0.00004,  0.00000
  9.3548,   0.8710,   0.0000,  -0.5003,  0.67345,  0.67345, -0.00003,  0.00000
  9.3548,   0.9032,   0.0000,  -0.5003,  0.52385,  0.52385, -0.00002,  0.00000
  9.3548,   0.9355,   0.0000,  -0.5003,  0.36173,  0.36173, -0.00001,  0.00000
  9.3548,   0.9677,   0.0000,  -0.5003,  0.18712,  0.18712, -0.00000,  0.00000
  9.3548,   1.0000,   0.0000,  -0.5003,  0.00000,  0.00000,  0.00000,  0.00000
  9.6774,   0.0000,   0.0000,  -0.5390,  0.00000,  0.00000,  0.00000,  0.00000
  9.6774,   0.0323,   0.0000,  -0.5390,  0.18708,  0.18708,  0.00000,  0.00000
  9.6774,   0.0645,   0.0000,  -0.5390,  0.36167,  0.36167,  0.00000,  0.00000
  9.6774,   0.0968,   0.0000,  -0.5390,  0.52377,  0.52377,  0.00001,  0.00000
  9.6774,   0.1290,   0.0000,  -0.5390,  0.67336,  0.67336,  0.00001,  0.00000
  9.6774,   0.1613,   0.0000,  -0.5390,  0.81044,  0.81044,  0.00002,  0.00000
  9.6774,   0.1935,   0.0000,  -0.5390,  0.93502,  0.93502,  0.00002,  0.00000
  9.6774,   0.2258,   0.0000,  -0.5390,  1.04709,  1.04709,  0.00002,  0.00000
  9.6774,   0.2581,   0.0000,  -0.5390,  1.14665,  1.14665,  0.00003,  0.00000
  9.6774,   0.2903,   0.0000,  -0.5390,  1.23372,  1.23372,  0.00003,  0.00000
  9.6774,   0.3226,   0.0000,  -0.5390,  1.30831,  1.30831,  0.00003,  0.00000
  9.6774,   0.3548,   0.0000,  -0.5390,  1.37043,  1.37043,  0.00003,  0.00000
  9.6774,   0.3871,   0.0000,  -0.5390,  1.42010,  1.42010,  0.00002,  0.00000
  9.6774,   0.4194,   0.0000,  -0.5390,  1.45733,  1.45733,  0.00002,  0.00000
  9.6774,   0.4516,   0.0000,  -0.5390,  1.48215,  1.48215,  0.00001,  0.00000
  9.6774,   0.4839,   0.0000,  -0.5390,  1.49455,  1.49455,  0.00000,  0.00000
  9.6774,   0.5161,   0.0000,  -0.5390,  1.49455,  1.49455, -0.00000,  0.00000
  9.6774,   0.5484,   0.0000,  -0.5390,  1.48215,  1.48215, -0.00001,  0.00000
  9.6774,   0.5806,   0.0000,  -0.5390,  1.45733,  1.45733, -0.00002,  0.00000
  9.6774,   0.6129,   0.0000,  -0.5390,  1.42010,  1.42010, -0.00002,  0.00000
  9.6774,   0.6452,   0.0000,  -0.5390,  1.37043,  1.37043, -0.00003,  0.00000
  9.6774,   0.6774,   0.0000,  -0.5390,  1.30831,  1.30831, -0.00003,  0.00000
  9.6774,   0.7097,   0.0000,  -0.5390,  1.23372,  1.23372, -0.00003,  0.00000
  9.6774,   0.7419,   0.0000,  -0.5390,  1.14665,  1.14665, -0.00003,  0.00000
  9.6774,   0.7742,   0.0000,  -0.5390,  1.04709,  1.04709, -0.00002,  0.00000
  9.6774,   0.8065,   0.0000,  -0.5390,  0.93502,  0.93502, -0.00002,  0.00000
  9.6774,   0.8387,   0.0000,  -0.5390,  0.81044,  0.81044, -0.00002,  0.00000
  9.6774,   0.8710,   0.0000,  -0.5390,  0.67336,  0.67336, -0.00001,  0.00000
  9.6774,   0.9032,   0.0000,  -0.5390,  0.52377,  0.52377, -0.00001,  0.00000
  9.6774,   0.9355,   0.0000,  -0.5390,  0.36167,  0.36167, -0.00000,  0.00000
  9.6774,   0.9677,   0.0000,  -0.5390,  0.18708,  0.18708, -0.00000,  0.00000
  9.6774,   1.0000,   0.0000,  -0.5390,  0.00000,  0.00000,  0.00000,  0.00000
 10.0000,   0.0000,   0.0000,  -0.5584,  0.00000,  0.00000,  0.00000,  0.00000
 10.0000,   0.0323,   0.0000,  -0.5584,  0.18708,  0.18708,  0.00000,  0.00000
 10.0000,   0.0645,   0.0000,  -0.5584,  0.36167,  0.36167,  0.00000,  0.00000
 10.0000,   0.0968,   0.0000,  -0.5584,  0.52377,  0.52377,  0.00000,  0.00000
 10.0000,   0.1290,   0.0000,  -0.5584,  0.67336,  0.67336,  0.00000,  0.00000
 10.0000,   0.1613,   0.0000,  -0.5584,  0.81044,  0.81044,  0.00000,  0.00000
 10.0000,   0.1935,   0.0000,  -0.5584,  0.93502,  0.93502,  0.00000,  0.00000
 10.0000,   0.2258,   0.0000,  -0.5584,  1.04709,  1.04709,  0.00000,  0.00000
 10.0000,   0.2581,   0.0000,  -0.5583,  1.14665,  1.14665,  0.00000,  0.00000
 10.0000,   0.2903,   0.0000,  -0.5583,  1.23372,  1.23372,  0.00000,  0.00000
 10.0000,   0.3226,   0.0000,  -0.5583,  1.30831,  1.30831,  0.00000,  0.00000
 10.0000,   0.3548,   0.0000,  -0.5583,  1.37043,  1.37043,  0.00000,  0.00000
 10.0000,   0.3871,   0.0000,  -0.5583,  1.42010,  1.42010,  0.00000,  0.00000
 10.0000,   0.4194,   0.0000,  -0.5583,  1.45733,  1.45733,  0.00000,  0.00000
 10.0000,   0.4516,   0.0000,  -0.5583,  1.48215,  1.48215,  0.00000,  0.00000
 10.0000,   0.4839,   0.0000,  -0.5583,  1.49455,  1.49455,  0.00000,  0.00000
 10.0000,   0.5161,   0.0000,  -0.5583,  1.49455,  1.49455,  0.00000,  0.00000
 10.0000,   0.5484,   0.0000,  -0.5583,  1.48215,  1.48215,  0.00000,  0.00000
 10.0000,   0.5806,   0.0000,  -0.5583,  1.45733,  1.45733,  0.00000,  0.00000
 10.0000,   0.6129,   0.0000,  -0.5583,  1.42010,  1.42010,  0.00000,  0.00000
 10.0000,   0.6452,   0.0000,  -0.5583,  1.37043,  1.37043,  0.00000,  0.00000
 10.0000,   0.6774,   0.0000,  -0.5583,  1.30831,  1.30831,  0.00000,  0.00000
 10.0000,   0.7097,   0.0000,  -0.5583,  1.23372,  1.23372,  0.00000,  0.00000
 10.0000,   0.7419,   0.0000,  -0.5583,  1.14665,  1.14665,  0.00000,  0.00000
 10.0000,   0.7742,   0.0000,  -0.5584,  1.04709,  1.04709,  0.00000,  0.00000
 10.0000,   0.8065,   0.0000,  -0.5584,  0.93502,  0.93502,  0.00000,  0.00000
 10.0000,   0.8387,   0.0000,  -0.5584,  0.81044,  0.81044,  0.00000,  0.00000
 10.0000,   0.8710,   0.0000,  -0.5584,  0.67336,  0.67336,  0.00000,  0.00000
 10.0000,   0.9032,   0.0000,  -0.5584,  0.52377,  0.52377,  0.00000,  0.00000
 10.0000,   0.9355,   0.0000,  -0.5584,  0.36167,  0.36167,  0.00000,  0.00000
 10.0000,   0.9677,   0.0000,  -0.5584,  0.18708,  0.18708,  0.00000,  0.00000
 10.0000,   1.0000,   0.0000,  -0.5584,  0.00000,  0.00000,  0.00000,  0.00000
